0	0	0
1	0	1
2	0	0
3	0	1
4	0	1
5	0	0
6	0	1
7	0	1
0	1	0
1	1	1
2	1	0
3	1	0
4	1	1
5	1	0
6	1	1
7	1	0
0	2	1
1	2	1
2	2	1
3	2	1
4	2	1
5	2	0
6	2	1
7	2	1
0	3	0
1	3	0
2	3	1
3	3	1
4	3	1
5	3	0
6	3	0
7	3	0
0	4	1
1	4	1
2	4	1
3	4	1
4	4	0
5	4	1
6	4	1
7	4	1
0	5	0
1	5	0
2	5	0
3	5	1
4	5	0
5	5	1
6	5	0
7	5	1
0	6	1
1	6	1
2	6	1
3	6	1
4	6	1
5	6	0
6	6	1
7	6	1
0	7	0
1	7	0
2	7	1
3	7	0
4	7	1
5	7	1
6	7	1
7	7	0
0	8	0
1	8	1
2	8	0
3	8	0
4	8	0
5	8	0
6	8	0
7	8	0
0	9	1
1	9	0
2	9	1
3	9	1
4	9	1
5	9	1
6	9	1
7	9	1
0	10	1
1	10	0
2	10	1
3	10	0
4	10	1
5	10	1
6	10	1
7	10	1
0	11	1
1	11	1
2	11	1
3	11	1
4	11	1
5	11	1
6	11	0
7	11	1
0	12	1
1	12	0
2	12	0
3	12	0
4	12	1
5	12	0
6	12	0
7	12	0
0	13	1
1	13	1
2	13	0
3	13	0
4	13	0
5	13	0
6	13	1
7	13	0
0	14	1
1	14	0
2	14	0
3	14	0
4	14	1
5	14	0
6	14	1
7	14	1
0	15	1
1	15	0
2	15	0
3	15	0
4	15	0
5	15	1
6	15	0
7	15	1
0	16	1
1	16	1
2	16	0
3	16	0
4	16	0
5	16	1
6	16	0
7	16	1
0	17	0
1	17	1
2	17	0
3	17	1
4	17	0
5	17	0
6	17	1
7	17	0
0	18	0
1	18	1
2	18	0
3	18	1
4	18	1
5	18	0
6	18	0
7	18	1
0	19	1
1	19	0
2	19	0
3	19	1
4	19	0
5	19	1
6	19	0
7	19	1
0	20	1
1	20	0
2	20	0
3	20	1
4	20	0
5	20	0
6	20	1
7	20	1
0	21	1
1	21	0
2	21	0
3	21	1
4	21	0
5	21	0
6	21	0
7	21	0
0	22	1
1	22	0
2	22	1
3	22	1
4	22	0
5	22	1
6	22	1
7	22	0
0	23	1
1	23	0
2	23	1
3	23	1
4	23	0
5	23	1
6	23	1
7	23	0
0	24	1
1	24	0
2	24	1
3	24	0
4	24	0
5	24	0
6	24	1
7	24	1
0	25	0
1	25	1
2	25	0
3	25	1
4	25	0
5	25	0
6	25	1
7	25	0
0	26	1
1	26	1
2	26	0
3	26	1
4	26	1
5	26	0
6	26	1
7	26	1
0	27	0
1	27	0
2	27	0
3	27	0
4	27	0
5	27	0
6	27	1
7	27	1
0	28	0
1	28	0
2	28	0
3	28	1
4	28	1
5	28	0
6	28	1
7	28	0
0	29	1
1	29	0
2	29	0
3	29	1
4	29	1
5	29	1
6	29	1
7	29	0
0	30	1
1	30	1
2	30	0
3	30	0
4	30	0
5	30	0
6	30	1
7	30	1
0	31	1
1	31	1
2	31	1
3	31	1
4	31	0
5	31	0
6	31	1
7	31	1
0	32	0
1	32	0
2	32	1
3	32	0
4	32	1
5	32	0
6	32	0
7	32	0
0	33	1
1	33	0
2	33	0
3	33	1
4	33	0
5	33	0
6	33	1
7	33	0
0	34	1
1	34	1
2	34	0
3	34	0
4	34	0
5	34	0
6	34	1
7	34	1
0	35	1
1	35	1
2	35	1
3	35	0
4	35	0
5	35	0
6	35	1
7	35	0
0	36	1
1	36	0
2	36	0
3	36	1
4	36	0
5	36	0
6	36	0
7	36	0
0	37	1
1	37	0
2	37	1
3	37	1
4	37	1
5	37	1
6	37	1
7	37	0
0	38	1
1	38	0
2	38	1
3	38	1
4	38	0
5	38	0
6	38	1
7	38	0
0	39	0
1	39	1
2	39	0
3	39	0
4	39	1
5	39	1
6	39	1
7	39	1
0	40	0
1	40	0
2	40	1
3	40	0
4	40	1
5	40	0
6	40	1
7	40	1
0	41	1
1	41	1
2	41	1
3	41	0
4	41	0
5	41	0
6	41	0
7	41	1
0	42	0
1	42	1
2	42	1
3	42	0
4	42	1
5	42	0
6	42	0
7	42	0
0	43	1
1	43	0
2	43	1
3	43	0
4	43	0
5	43	1
6	43	1
7	43	0
0	44	1
1	44	0
2	44	0
3	44	0
4	44	1
5	44	1
6	44	1
7	44	1
0	45	1
1	45	1
2	45	1
3	45	1
4	45	0
5	45	1
6	45	0
7	45	1
0	46	0
1	46	1
2	46	1
3	46	1
4	46	0
5	46	1
6	46	1
7	46	0
0	47	0
1	47	0
2	47	0
3	47	0
4	47	0
5	47	0
6	47	1
7	47	0
0	48	0
1	48	0
2	48	0
3	48	1
4	48	0
5	48	1
6	48	1
7	48	0
0	49	1
1	49	1
2	49	0
3	49	0
4	49	1
5	49	0
6	49	0
7	49	0
0	50	1
1	50	0
2	50	0
3	50	0
4	50	0
5	50	1
6	50	0
7	50	1
0	51	0
1	51	1
2	51	0
3	51	0
4	51	1
5	51	0
6	51	0
7	51	1
0	52	0
1	52	0
2	52	1
3	52	1
4	52	0
5	52	0
6	52	1
7	52	1
0	53	1
1	53	1
2	53	0
3	53	1
4	53	1
5	53	1
6	53	1
7	53	0
0	54	0
1	54	0
2	54	1
3	54	1
4	54	0
5	54	0
6	54	1
7	54	0
0	55	1
1	55	0
2	55	1
3	55	1
4	55	1
5	55	0
6	55	0
7	55	1
0	56	1
1	56	1
2	56	0
3	56	1
4	56	0
5	56	1
6	56	1
7	56	1
0	57	0
1	57	1
2	57	0
3	57	0
4	57	1
5	57	0
6	57	1
7	57	0
0	58	1
1	58	0
2	58	0
3	58	0
4	58	1
5	58	0
6	58	0
7	58	1
0	59	0
1	59	0
2	59	1
3	59	1
4	59	0
5	59	1
6	59	1
7	59	0
0	60	0
1	60	0
2	60	0
3	60	1
4	60	0
5	60	0
6	60	1
7	60	1
0	61	1
1	61	1
2	61	0
3	61	1
4	61	0
5	61	0
6	61	1
7	61	0
0	62	0
1	62	0
2	62	1
3	62	1
4	62	1
5	62	0
6	62	0
7	62	0
0	63	1
1	63	1
2	63	0
3	63	0
4	63	1
5	63	0
6	63	0
7	63	0
0	64	0
1	64	1
2	64	1
3	64	0
4	64	0
5	64	1
6	64	1
7	64	0
0	65	1
1	65	1
2	65	0
3	65	0
4	65	1
5	65	0
6	65	0
7	65	0
0	66	1
1	66	1
2	66	0
3	66	1
4	66	1
5	66	0
6	66	1
7	66	1
0	67	0
1	67	0
2	67	1
3	67	0
4	67	1
5	67	0
6	67	1
7	67	0
0	68	0
1	68	1
2	68	1
3	68	0
4	68	0
5	68	1
6	68	0
7	68	0
0	69	0
1	69	0
2	69	0
3	69	0
4	69	1
5	69	0
6	69	0
7	69	0
0	70	0
1	70	1
2	70	1
3	70	1
4	70	0
5	70	0
6	70	0
7	70	1
0	71	0
1	71	1
2	71	1
3	71	1
4	71	0
5	71	0
6	71	0
7	71	0
0	72	0
1	72	0
2	72	1
3	72	1
4	72	1
5	72	1
6	72	1
7	72	1
0	73	0
1	73	0
2	73	0
3	73	0
4	73	0
5	73	1
6	73	1
7	73	1
0	74	1
1	74	1
2	74	1
3	74	0
4	74	1
5	74	1
6	74	0
7	74	0
0	75	1
1	75	0
2	75	1
3	75	1
4	75	0
5	75	0
6	75	1
7	75	0
0	76	1
1	76	1
2	76	1
3	76	0
4	76	0
5	76	0
6	76	0
7	76	0
0	77	0
1	77	0
2	77	1
3	77	0
4	77	0
5	77	0
6	77	0
7	77	0
0	78	1
1	78	1
2	78	1
3	78	0
4	78	0
5	78	1
6	78	1
7	78	0
0	79	0
1	79	0
2	79	0
3	79	0
4	79	1
5	79	0
6	79	0
7	79	0
0	80	0
1	80	0
2	80	0
3	80	1
4	80	0
5	80	1
6	80	0
7	80	0
0	81	0
1	81	0
2	81	0
3	81	0
4	81	0
5	81	1
6	81	0
7	81	1
0	82	0
1	82	0
2	82	1
3	82	0
4	82	0
5	82	1
6	82	0
7	82	0
0	83	1
1	83	0
2	83	1
3	83	0
4	83	1
5	83	1
6	83	0
7	83	1
0	84	0
1	84	0
2	84	1
3	84	1
4	84	1
5	84	0
6	84	0
7	84	1
0	85	0
1	85	1
2	85	0
3	85	0
4	85	1
5	85	1
6	85	0
7	85	1
0	86	0
1	86	0
2	86	0
3	86	0
4	86	1
5	86	0
6	86	0
7	86	0
0	87	0
1	87	1
2	87	1
3	87	1
4	87	1
5	87	0
6	87	0
7	87	0
0	88	1
1	88	1
2	88	1
3	88	1
4	88	1
5	88	0
6	88	0
7	88	1
0	89	1
1	89	1
2	89	1
3	89	0
4	89	0
5	89	0
6	89	1
7	89	1
0	90	0
1	90	0
2	90	0
3	90	0
4	90	1
5	90	0
6	90	1
7	90	0
0	91	1
1	91	1
2	91	0
3	91	1
4	91	1
5	91	0
6	91	1
7	91	1
0	92	1
1	92	0
2	92	1
3	92	0
4	92	1
5	92	1
6	92	0
7	92	1
0	93	1
1	93	1
2	93	0
3	93	1
4	93	1
5	93	0
6	93	1
7	93	1
0	94	0
1	94	0
2	94	0
3	94	0
4	94	0
5	94	0
6	94	0
7	94	0
0	95	0
1	95	0
2	95	0
3	95	1
4	95	1
5	95	0
6	95	0
7	95	1
0	96	1
1	96	1
2	96	0
3	96	0
4	96	1
5	96	1
6	96	0
7	96	0
0	97	1
1	97	1
2	97	0
3	97	0
4	97	0
5	97	1
6	97	0
7	97	0
0	98	0
1	98	0
2	98	1
3	98	0
4	98	1
5	98	1
6	98	0
7	98	1
0	99	0
1	99	0
2	99	0
3	99	1
4	99	0
5	99	1
6	99	0
7	99	0
0	100	0
1	100	0
2	100	1
3	100	1
4	100	1
5	100	1
6	100	1
7	100	0
0	101	0
1	101	1
2	101	0
3	101	1
4	101	0
5	101	1
6	101	1
7	101	0
0	102	0
1	102	1
2	102	0
3	102	0
4	102	1
5	102	0
6	102	0
7	102	0
0	103	1
1	103	0
2	103	1
3	103	0
4	103	0
5	103	0
6	103	0
7	103	0
0	104	0
1	104	1
2	104	1
3	104	0
4	104	0
5	104	0
6	104	0
7	104	0
0	105	0
1	105	0
2	105	0
3	105	0
4	105	0
5	105	1
6	105	0
7	105	0
0	106	0
1	106	1
2	106	0
3	106	0
4	106	0
5	106	0
6	106	0
7	106	1
0	107	0
1	107	0
2	107	0
3	107	1
4	107	0
5	107	1
6	107	0
7	107	1
0	108	0
1	108	0
2	108	0
3	108	1
4	108	1
5	108	0
6	108	0
7	108	1
0	109	0
1	109	1
2	109	1
3	109	0
4	109	1
5	109	1
6	109	1
7	109	1
0	110	1
1	110	1
2	110	0
3	110	0
4	110	1
5	110	0
6	110	1
7	110	1
0	111	0
1	111	1
2	111	1
3	111	1
4	111	1
5	111	1
6	111	1
7	111	1
0	112	0
1	112	1
2	112	1
3	112	0
4	112	0
5	112	1
6	112	0
7	112	0
0	113	0
1	113	0
2	113	0
3	113	0
4	113	1
5	113	1
6	113	1
7	113	0
0	114	1
1	114	0
2	114	0
3	114	0
4	114	1
5	114	0
6	114	1
7	114	1
0	115	0
1	115	0
2	115	1
3	115	1
4	115	0
5	115	1
6	115	1
7	115	1
0	116	1
1	116	1
2	116	1
3	116	0
4	116	0
5	116	1
6	116	0
7	116	1
0	117	1
1	117	0
2	117	1
3	117	0
4	117	1
5	117	0
6	117	0
7	117	1
0	118	0
1	118	0
2	118	0
3	118	0
4	118	1
5	118	0
6	118	0
7	118	1
0	119	0
1	119	0
2	119	1
3	119	1
4	119	0
5	119	1
6	119	0
7	119	0
0	120	1
1	120	1
2	120	0
3	120	1
4	120	1
5	120	1
6	120	1
7	120	1
0	121	1
1	121	0
2	121	1
3	121	1
4	121	0
5	121	1
6	121	0
7	121	1
0	122	1
1	122	0
2	122	0
3	122	1
4	122	1
5	122	0
6	122	1
7	122	1
0	123	1
1	123	1
2	123	0
3	123	0
4	123	1
5	123	1
6	123	1
7	123	1
0	124	0
1	124	1
2	124	0
3	124	1
4	124	1
5	124	0
6	124	1
7	124	1
0	125	1
1	125	0
2	125	1
3	125	1
4	125	0
5	125	1
6	125	0
7	125	1
0	126	1
1	126	1
2	126	1
3	126	1
4	126	1
5	126	1
6	126	1
7	126	0
0	127	0
1	127	1
2	127	1
3	127	0
4	127	0
5	127	0
6	127	0
7	127	0
0	128	1
1	128	0
2	128	1
3	128	1
4	128	0
5	128	1
6	128	1
7	128	0
0	129	0
1	129	1
2	129	1
3	129	1
4	129	1
5	129	0
6	129	0
7	129	1
0	130	0
1	130	1
2	130	1
3	130	0
4	130	0
5	130	1
6	130	1
7	130	1
0	131	0
1	131	1
2	131	1
3	131	0
4	131	1
5	131	1
6	131	0
7	131	1
0	132	0
1	132	1
2	132	0
3	132	0
4	132	0
5	132	0
6	132	1
7	132	1
0	133	0
1	133	0
2	133	1
3	133	0
4	133	0
5	133	1
6	133	0
7	133	0
0	134	0
1	134	0
2	134	1
3	134	0
4	134	0
5	134	1
6	134	1
7	134	0
0	135	1
1	135	0
2	135	0
3	135	0
4	135	0
5	135	0
6	135	1
7	135	0
0	136	0
1	136	0
2	136	0
3	136	0
4	136	0
5	136	1
6	136	0
7	136	0
0	137	0
1	137	0
2	137	0
3	137	0
4	137	0
5	137	1
6	137	0
7	137	0
0	138	0
1	138	0
2	138	0
3	138	1
4	138	1
5	138	0
6	138	0
7	138	1
0	139	0
1	139	0
2	139	0
3	139	0
4	139	0
5	139	0
6	139	0
7	139	0
0	140	1
1	140	0
2	140	0
3	140	1
4	140	0
5	140	1
6	140	0
7	140	0
0	141	1
1	141	0
2	141	0
3	141	0
4	141	0
5	141	0
6	141	1
7	141	0
0	142	0
1	142	1
2	142	0
3	142	1
4	142	0
5	142	0
6	142	1
7	142	1
0	143	0
1	143	1
2	143	1
3	143	0
4	143	1
5	143	1
6	143	1
7	143	1
0	144	0
1	144	1
2	144	1
3	144	0
4	144	0
5	144	0
6	144	0
7	144	1
0	145	0
1	145	1
2	145	1
3	145	1
4	145	0
5	145	0
6	145	1
7	145	0
0	146	0
1	146	0
2	146	1
3	146	1
4	146	1
5	146	1
6	146	1
7	146	1
0	147	1
1	147	1
2	147	1
3	147	1
4	147	0
5	147	1
6	147	0
7	147	0
0	148	1
1	148	0
2	148	0
3	148	1
4	148	1
5	148	1
6	148	0
7	148	0
0	149	1
1	149	0
2	149	1
3	149	1
4	149	0
5	149	0
6	149	0
7	149	0
0	150	1
1	150	1
2	150	1
3	150	1
4	150	1
5	150	1
6	150	0
7	150	0
0	151	1
1	151	0
2	151	1
3	151	1
4	151	1
5	151	1
6	151	0
7	151	0
0	152	1
1	152	1
2	152	1
3	152	0
4	152	0
5	152	1
6	152	0
7	152	0
0	153	0
1	153	0
2	153	1
3	153	1
4	153	1
5	153	1
6	153	0
7	153	1
0	154	1
1	154	1
2	154	1
3	154	1
4	154	0
5	154	1
6	154	0
7	154	1
0	155	1
1	155	1
2	155	1
3	155	1
4	155	0
5	155	1
6	155	1
7	155	0
0	156	0
1	156	1
2	156	1
3	156	0
4	156	1
5	156	0
6	156	1
7	156	0
0	157	0
1	157	0
2	157	0
3	157	1
4	157	1
5	157	1
6	157	1
7	157	0
0	158	0
1	158	0
2	158	1
3	158	0
4	158	1
5	158	0
6	158	1
7	158	1
0	159	1
1	159	1
2	159	1
3	159	1
4	159	0
5	159	1
6	159	0
7	159	1
0	160	1
1	160	1
2	160	1
3	160	1
4	160	0
5	160	0
6	160	0
7	160	0
0	161	0
1	161	0
2	161	0
3	161	0
4	161	0
5	161	0
6	161	0
7	161	0
0	162	0
1	162	0
2	162	0
3	162	0
4	162	0
5	162	1
6	162	0
7	162	1
0	163	1
1	163	0
2	163	0
3	163	0
4	163	0
5	163	0
6	163	1
7	163	0
0	164	1
1	164	1
2	164	0
3	164	1
4	164	0
5	164	0
6	164	1
7	164	1
0	165	0
1	165	0
2	165	1
3	165	1
4	165	1
5	165	1
6	165	1
7	165	1
0	166	0
1	166	0
2	166	1
3	166	1
4	166	1
5	166	0
6	166	1
7	166	1
0	167	0
1	167	0
2	167	1
3	167	1
4	167	0
5	167	1
6	167	0
7	167	0
0	168	0
1	168	1
2	168	0
3	168	0
4	168	0
5	168	0
6	168	1
7	168	0
0	169	0
1	169	0
2	169	1
3	169	0
4	169	1
5	169	1
6	169	0
7	169	1
0	170	1
1	170	1
2	170	1
3	170	0
4	170	1
5	170	0
6	170	0
7	170	0
0	171	0
1	171	1
2	171	0
3	171	1
4	171	1
5	171	1
6	171	1
7	171	1
0	172	0
1	172	0
2	172	1
3	172	0
4	172	1
5	172	0
6	172	0
7	172	0
0	173	1
1	173	0
2	173	1
3	173	0
4	173	1
5	173	0
6	173	0
7	173	1
0	174	0
1	174	0
2	174	1
3	174	0
4	174	1
5	174	1
6	174	0
7	174	0
0	175	0
1	175	1
2	175	1
3	175	0
4	175	0
5	175	1
6	175	1
7	175	1
0	176	0
1	176	0
2	176	1
3	176	0
4	176	0
5	176	1
6	176	0
7	176	0
0	177	0
1	177	0
2	177	0
3	177	1
4	177	1
5	177	1
6	177	1
7	177	0
0	178	0
1	178	0
2	178	0
3	178	1
4	178	0
5	178	0
6	178	0
7	178	1
0	179	0
1	179	1
2	179	1
3	179	1
4	179	1
5	179	1
6	179	1
7	179	0
0	180	0
1	180	0
2	180	0
3	180	0
4	180	0
5	180	0
6	180	1
7	180	1
0	181	0
1	181	0
2	181	1
3	181	0
4	181	1
5	181	1
6	181	0
7	181	0
0	182	1
1	182	0
2	182	0
3	182	0
4	182	0
5	182	1
6	182	0
7	182	0
0	183	0
1	183	1
2	183	0
3	183	1
4	183	0
5	183	1
6	183	0
7	183	0
0	184	0
1	184	0
2	184	0
3	184	0
4	184	0
5	184	1
6	184	0
7	184	0
0	185	0
1	185	0
2	185	0
3	185	0
4	185	1
5	185	0
6	185	1
7	185	0
0	186	1
1	186	0
2	186	1
3	186	1
4	186	0
5	186	0
6	186	1
7	186	1
0	187	0
1	187	0
2	187	0
3	187	0
4	187	1
5	187	1
6	187	0
7	187	0
0	188	0
1	188	1
2	188	1
3	188	1
4	188	0
5	188	0
6	188	0
7	188	0
0	189	1
1	189	1
2	189	0
3	189	0
4	189	0
5	189	0
6	189	1
7	189	1
0	190	1
1	190	0
2	190	0
3	190	0
4	190	0
5	190	0
6	190	0
7	190	1
0	191	1
1	191	1
2	191	1
3	191	1
4	191	1
5	191	1
6	191	0
7	191	1
0	192	1
1	192	0
2	192	1
3	192	1
4	192	1
5	192	1
6	192	0
7	192	0
0	193	1
1	193	0
2	193	0
3	193	1
4	193	0
5	193	1
6	193	1
7	193	0
0	194	0
1	194	0
2	194	1
3	194	1
4	194	0
5	194	0
6	194	1
7	194	0
0	195	1
1	195	1
2	195	1
3	195	1
4	195	0
5	195	1
6	195	0
7	195	0
0	196	1
1	196	0
2	196	0
3	196	0
4	196	1
5	196	0
6	196	0
7	196	0
0	197	0
1	197	1
2	197	1
3	197	0
4	197	1
5	197	1
6	197	0
7	197	1
0	198	0
1	198	1
2	198	1
3	198	1
4	198	1
5	198	1
6	198	1
7	198	0
0	199	0
1	199	0
2	199	0
3	199	1
4	199	1
5	199	0
6	199	1
7	199	0
0	200	0
1	200	1
2	200	1
3	200	0
4	200	0
5	200	1
6	200	1
7	200	0
0	201	0
1	201	0
2	201	1
3	201	0
4	201	1
5	201	0
6	201	0
7	201	0
0	202	1
1	202	0
2	202	1
3	202	0
4	202	1
5	202	0
6	202	0
7	202	1
0	203	0
1	203	0
2	203	0
3	203	0
4	203	0
5	203	0
6	203	0
7	203	1
0	204	1
1	204	0
2	204	1
3	204	0
4	204	1
5	204	1
6	204	1
7	204	1
0	205	0
1	205	1
2	205	0
3	205	1
4	205	1
5	205	1
6	205	1
7	205	1
0	206	1
1	206	1
2	206	1
3	206	1
4	206	1
5	206	0
6	206	1
7	206	1
0	207	1
1	207	1
2	207	0
3	207	0
4	207	1
5	207	1
6	207	1
7	207	0
0	208	1
1	208	0
2	208	0
3	208	1
4	208	1
5	208	1
6	208	1
7	208	0
0	209	1
1	209	0
2	209	0
3	209	0
4	209	1
5	209	1
6	209	0
7	209	0
0	210	1
1	210	0
2	210	0
3	210	0
4	210	0
5	210	0
6	210	1
7	210	0
0	211	1
1	211	1
2	211	1
3	211	1
4	211	0
5	211	1
6	211	0
7	211	0
0	212	0
1	212	0
2	212	0
3	212	0
4	212	0
5	212	0
6	212	0
7	212	0
0	213	1
1	213	1
2	213	1
3	213	1
4	213	0
5	213	1
6	213	0
7	213	0
0	214	0
1	214	0
2	214	0
3	214	1
4	214	1
5	214	0
6	214	0
7	214	0
0	215	0
1	215	1
2	215	0
3	215	0
4	215	1
5	215	0
6	215	0
7	215	1
0	216	0
1	216	1
2	216	1
3	216	1
4	216	1
5	216	1
6	216	1
7	216	0
0	217	0
1	217	0
2	217	0
3	217	1
4	217	0
5	217	0
6	217	0
7	217	1
0	218	1
1	218	0
2	218	1
3	218	1
4	218	0
5	218	1
6	218	0
7	218	1
0	219	0
1	219	0
2	219	1
3	219	0
4	219	0
5	219	0
6	219	1
7	219	0
0	220	0
1	220	0
2	220	1
3	220	1
4	220	1
5	220	1
6	220	1
7	220	1
0	221	1
1	221	1
2	221	0
3	221	1
4	221	1
5	221	1
6	221	1
7	221	1
0	222	1
1	222	0
2	222	1
3	222	0
4	222	1
5	222	0
6	222	0
7	222	1
0	223	1
1	223	1
2	223	1
3	223	1
4	223	1
5	223	0
6	223	0
7	223	0
0	224	1
1	224	1
2	224	0
3	224	1
4	224	0
5	224	1
6	224	1
7	224	0
0	225	0
1	225	0
2	225	1
3	225	0
4	225	1
5	225	0
6	225	0
7	225	1
0	226	0
1	226	0
2	226	0
3	226	1
4	226	1
5	226	1
6	226	1
7	226	0
0	227	1
1	227	1
2	227	1
3	227	0
4	227	1
5	227	1
6	227	0
7	227	0
0	228	1
1	228	1
2	228	0
3	228	0
4	228	0
5	228	0
6	228	1
7	228	0
0	229	0
1	229	0
2	229	0
3	229	0
4	229	1
5	229	0
6	229	0
7	229	0
0	230	1
1	230	1
2	230	0
3	230	1
4	230	0
5	230	0
6	230	1
7	230	0
0	231	1
1	231	1
2	231	1
3	231	0
4	231	1
5	231	0
6	231	1
7	231	1
0	232	0
1	232	0
2	232	0
3	232	0
4	232	1
5	232	0
6	232	0
7	232	1
0	233	0
1	233	1
2	233	1
3	233	0
4	233	1
5	233	1
6	233	0
7	233	0
0	234	0
1	234	0
2	234	0
3	234	1
4	234	0
5	234	1
6	234	0
7	234	1
0	235	1
1	235	1
2	235	1
3	235	0
4	235	1
5	235	1
6	235	1
7	235	1
0	236	1
1	236	1
2	236	1
3	236	1
4	236	1
5	236	1
6	236	1
7	236	0
0	237	0
1	237	0
2	237	1
3	237	1
4	237	1
5	237	0
6	237	1
7	237	1
0	238	1
1	238	0
2	238	1
3	238	1
4	238	1
5	238	0
6	238	0
7	238	1
0	239	1
1	239	1
2	239	1
3	239	1
4	239	1
5	239	1
6	239	0
7	239	0
0	240	0
1	240	0
2	240	0
3	240	0
4	240	0
5	240	1
6	240	1
7	240	1
0	241	0
1	241	0
2	241	0
3	241	0
4	241	0
5	241	0
6	241	1
7	241	1
0	242	1
1	242	1
2	242	1
3	242	1
4	242	1
5	242	1
6	242	1
7	242	1
0	243	0
1	243	1
2	243	1
3	243	0
4	243	0
5	243	1
6	243	0
7	243	1
0	244	1
1	244	1
2	244	1
3	244	0
4	244	1
5	244	0
6	244	0
7	244	0
0	245	1
1	245	0
2	245	0
3	245	0
4	245	1
5	245	0
6	245	0
7	245	1
0	246	0
1	246	0
2	246	1
3	246	1
4	246	1
5	246	0
6	246	0
7	246	0
0	247	0
1	247	1
2	247	0
3	247	0
4	247	1
5	247	0
6	247	0
7	247	0
0	248	0
1	248	0
2	248	0
3	248	0
4	248	1
5	248	0
6	248	0
7	248	1
0	249	0
1	249	0
2	249	1
3	249	0
4	249	0
5	249	0
6	249	0
7	249	1
0	250	0
1	250	1
2	250	0
3	250	1
4	250	1
5	250	1
6	250	0
7	250	0
0	251	1
1	251	1
2	251	0
3	251	0
4	251	0
5	251	1
6	251	0
7	251	0
0	252	0
1	252	1
2	252	0
3	252	0
4	252	1
5	252	1
6	252	1
7	252	0
0	253	0
1	253	0
2	253	1
3	253	1
4	253	1
5	253	0
6	253	1
7	253	1
0	254	1
1	254	0
2	254	0
3	254	1
4	254	1
5	254	1
6	254	1
7	254	0
0	255	1
1	255	0
2	255	0
3	255	1
4	255	1
5	255	0
6	255	1
7	255	1
0	256	0
1	256	0
2	256	0
3	256	1
4	256	0
5	256	0
6	256	1
7	256	0
0	257	1
1	257	0
2	257	0
3	257	0
4	257	0
5	257	0
6	257	0
7	257	1
0	258	0
1	258	1
2	258	0
3	258	0
4	258	1
5	258	0
6	258	0
7	258	1
0	259	1
1	259	1
2	259	0
3	259	0
4	259	0
5	259	1
6	259	1
7	259	1
0	260	1
1	260	0
2	260	0
3	260	1
4	260	1
5	260	0
6	260	1
7	260	1
0	261	0
1	261	1
2	261	0
3	261	1
4	261	0
5	261	0
6	261	1
7	261	1
0	262	1
1	262	0
2	262	0
3	262	1
4	262	0
5	262	0
6	262	0
7	262	1
0	263	0
1	263	0
2	263	1
3	263	0
4	263	0
5	263	0
6	263	0
7	263	1
0	264	0
1	264	0
2	264	0
3	264	1
4	264	1
5	264	1
6	264	1
7	264	0
0	265	1
1	265	0
2	265	0
3	265	1
4	265	0
5	265	1
6	265	0
7	265	0
0	266	0
1	266	0
2	266	1
3	266	1
4	266	1
5	266	0
6	266	0
7	266	1
0	267	1
1	267	0
2	267	1
3	267	0
4	267	1
5	267	1
6	267	0
7	267	1
0	268	0
1	268	0
2	268	1
3	268	0
4	268	0
5	268	1
6	268	0
7	268	1
0	269	1
1	269	0
2	269	1
3	269	1
4	269	0
5	269	0
6	269	1
7	269	0
0	270	0
1	270	1
2	270	0
3	270	1
4	270	0
5	270	1
6	270	1
7	270	0
0	271	0
1	271	0
2	271	0
3	271	0
4	271	1
5	271	0
6	271	1
7	271	1
0	272	0
1	272	0
2	272	1
3	272	0
4	272	0
5	272	0
6	272	1
7	272	1
0	273	1
1	273	1
2	273	0
3	273	0
4	273	1
5	273	0
6	273	0
7	273	1
0	274	0
1	274	1
2	274	0
3	274	1
4	274	1
5	274	1
6	274	0
7	274	0
0	275	1
1	275	0
2	275	1
3	275	1
4	275	0
5	275	0
6	275	1
7	275	0
0	276	0
1	276	1
2	276	1
3	276	1
4	276	0
5	276	1
6	276	1
7	276	1
0	277	1
1	277	1
2	277	0
3	277	0
4	277	1
5	277	1
6	277	0
7	277	0
0	278	0
1	278	0
2	278	0
3	278	1
4	278	0
5	278	0
6	278	1
7	278	1
0	279	1
1	279	0
2	279	0
3	279	0
4	279	1
5	279	1
6	279	0
7	279	0
0	280	0
1	280	1
2	280	1
3	280	0
4	280	1
5	280	0
6	280	0
7	280	1
0	281	0
1	281	0
2	281	0
3	281	1
4	281	0
5	281	1
6	281	1
7	281	1
0	282	1
1	282	0
2	282	1
3	282	0
4	282	1
5	282	0
6	282	0
7	282	0
0	283	1
1	283	1
2	283	1
3	283	0
4	283	1
5	283	1
6	283	0
7	283	0
0	284	1
1	284	0
2	284	1
3	284	1
4	284	1
5	284	0
6	284	1
7	284	1
0	285	0
1	285	1
2	285	1
3	285	0
4	285	0
5	285	0
6	285	0
7	285	0
0	286	0
1	286	0
2	286	0
3	286	1
4	286	1
5	286	0
6	286	1
7	286	0
0	287	1
1	287	1
2	287	1
3	287	1
4	287	1
5	287	0
6	287	1
7	287	1
0	288	0
1	288	0
2	288	0
3	288	0
4	288	0
5	288	0
6	288	1
7	288	0
0	289	0
1	289	1
2	289	1
3	289	1
4	289	0
5	289	0
6	289	1
7	289	1
0	290	0
1	290	1
2	290	1
3	290	0
4	290	0
5	290	0
6	290	0
7	290	1
0	291	1
1	291	0
2	291	0
3	291	0
4	291	1
5	291	1
6	291	1
7	291	1
0	292	1
1	292	1
2	292	1
3	292	1
4	292	1
5	292	0
6	292	1
7	292	1
0	293	1
1	293	1
2	293	1
3	293	1
4	293	1
5	293	1
6	293	1
7	293	1
0	294	0
1	294	1
2	294	1
3	294	0
4	294	1
5	294	0
6	294	1
7	294	1
0	295	1
1	295	0
2	295	0
3	295	0
4	295	0
5	295	0
6	295	1
7	295	1
0	296	0
1	296	1
2	296	0
3	296	1
4	296	0
5	296	1
6	296	0
7	296	0
0	297	1
1	297	1
2	297	0
3	297	0
4	297	0
5	297	1
6	297	1
7	297	0
0	298	0
1	298	1
2	298	1
3	298	1
4	298	1
5	298	1
6	298	1
7	298	0
0	299	1
1	299	1
2	299	1
3	299	0
4	299	1
5	299	0
6	299	1
7	299	0
0	300	1
1	300	1
2	300	1
3	300	1
4	300	1
5	300	0
6	300	1
7	300	1
0	301	1
1	301	0
2	301	1
3	301	1
4	301	1
5	301	1
6	301	1
7	301	1
0	302	0
1	302	0
2	302	1
3	302	0
4	302	0
5	302	0
6	302	0
7	302	1
0	303	1
1	303	1
2	303	1
3	303	1
4	303	0
5	303	1
6	303	0
7	303	0
0	304	1
1	304	1
2	304	0
3	304	1
4	304	0
5	304	0
6	304	1
7	304	1
0	305	0
1	305	0
2	305	1
3	305	0
4	305	0
5	305	0
6	305	0
7	305	0
0	306	1
1	306	0
2	306	0
3	306	1
4	306	0
5	306	1
6	306	0
7	306	1
0	307	0
1	307	1
2	307	0
3	307	1
4	307	1
5	307	1
6	307	1
7	307	0
0	308	0
1	308	0
2	308	0
3	308	1
4	308	1
5	308	1
6	308	0
7	308	1
0	309	1
1	309	1
2	309	1
3	309	1
4	309	0
5	309	1
6	309	1
7	309	1
0	310	0
1	310	0
2	310	0
3	310	0
4	310	1
5	310	0
6	310	0
7	310	0
0	311	1
1	311	0
2	311	1
3	311	0
4	311	1
5	311	1
6	311	0
7	311	1
0	312	0
1	312	1
2	312	0
3	312	1
4	312	1
5	312	1
6	312	1
7	312	1
0	313	1
1	313	0
2	313	1
3	313	0
4	313	1
5	313	1
6	313	0
7	313	0
0	314	0
1	314	1
2	314	0
3	314	1
4	314	1
5	314	1
6	314	0
7	314	0
0	315	1
1	315	1
2	315	0
3	315	0
4	315	1
5	315	0
6	315	1
7	315	0
0	316	1
1	316	1
2	316	0
3	316	0
4	316	1
5	316	0
6	316	0
7	316	0
0	317	1
1	317	0
2	317	0
3	317	1
4	317	0
5	317	0
6	317	1
7	317	1
0	318	1
1	318	0
2	318	0
3	318	1
4	318	0
5	318	0
6	318	0
7	318	1
0	319	1
1	319	1
2	319	1
3	319	0
4	319	0
5	319	1
6	319	0
7	319	1
0	320	0
1	320	0
2	320	0
3	320	0
4	320	1
5	320	1
6	320	0
7	320	0
0	321	1
1	321	0
2	321	1
3	321	1
4	321	0
5	321	1
6	321	0
7	321	1
0	322	1
1	322	0
2	322	0
3	322	1
4	322	0
5	322	1
6	322	0
7	322	0
0	323	1
1	323	1
2	323	0
3	323	1
4	323	1
5	323	0
6	323	1
7	323	0
0	324	0
1	324	1
2	324	0
3	324	0
4	324	0
5	324	0
6	324	0
7	324	0
0	325	0
1	325	0
2	325	0
3	325	0
4	325	1
5	325	1
6	325	0
7	325	1
0	326	1
1	326	1
2	326	1
3	326	1
4	326	1
5	326	1
6	326	1
7	326	1
0	327	1
1	327	0
2	327	0
3	327	0
4	327	0
5	327	1
6	327	0
7	327	0
0	328	0
1	328	0
2	328	1
3	328	1
4	328	0
5	328	1
6	328	1
7	328	0
0	329	0
1	329	0
2	329	1
3	329	1
4	329	1
5	329	0
6	329	0
7	329	0
0	330	0
1	330	0
2	330	0
3	330	0
4	330	1
5	330	1
6	330	0
7	330	1
0	331	0
1	331	0
2	331	0
3	331	0
4	331	1
5	331	1
6	331	0
7	331	0
0	332	1
1	332	1
2	332	0
3	332	1
4	332	1
5	332	1
6	332	1
7	332	0
0	333	0
1	333	1
2	333	1
3	333	0
4	333	1
5	333	0
6	333	1
7	333	1
0	334	1
1	334	0
2	334	0
3	334	0
4	334	0
5	334	0
6	334	0
7	334	0
0	335	0
1	335	0
2	335	0
3	335	0
4	335	0
5	335	1
6	335	0
7	335	0
0	336	1
1	336	1
2	336	1
3	336	1
4	336	0
5	336	0
6	336	1
7	336	1
0	337	0
1	337	0
2	337	0
3	337	0
4	337	1
5	337	1
6	337	1
7	337	1
0	338	1
1	338	1
2	338	0
3	338	1
4	338	0
5	338	0
6	338	0
7	338	1
0	339	1
1	339	1
2	339	1
3	339	0
4	339	0
5	339	0
6	339	1
7	339	0
0	340	0
1	340	0
2	340	1
3	340	0
4	340	1
5	340	0
6	340	0
7	340	0
0	341	0
1	341	1
2	341	1
3	341	0
4	341	1
5	341	1
6	341	1
7	341	1
0	342	0
1	342	0
2	342	0
3	342	0
4	342	0
5	342	0
6	342	0
7	342	1
0	343	0
1	343	0
2	343	1
3	343	1
4	343	0
5	343	1
6	343	0
7	343	0
0	344	0
1	344	0
2	344	0
3	344	1
4	344	0
5	344	0
6	344	1
7	344	0
0	345	1
1	345	1
2	345	0
3	345	0
4	345	0
5	345	0
6	345	0
7	345	0
0	346	1
1	346	0
2	346	1
3	346	1
4	346	0
5	346	1
6	346	0
7	346	0
0	347	0
1	347	0
2	347	1
3	347	0
4	347	1
5	347	0
6	347	0
7	347	0
0	348	1
1	348	0
2	348	0
3	348	0
4	348	0
5	348	0
6	348	0
7	348	0
0	349	1
1	349	1
2	349	0
3	349	1
4	349	0
5	349	0
6	349	1
7	349	1
0	350	1
1	350	1
2	350	0
3	350	1
4	350	1
5	350	1
6	350	1
7	350	1
0	351	0
1	351	0
2	351	0
3	351	0
4	351	0
5	351	0
6	351	1
7	351	1
0	352	0
1	352	1
2	352	0
3	352	0
4	352	0
5	352	0
6	352	1
7	352	0
0	353	0
1	353	1
2	353	0
3	353	0
4	353	0
5	353	0
6	353	0
7	353	0
0	354	0
1	354	0
2	354	0
3	354	1
4	354	1
5	354	0
6	354	1
7	354	0
0	355	1
1	355	0
2	355	0
3	355	1
4	355	1
5	355	1
6	355	0
7	355	0
0	356	1
1	356	1
2	356	0
3	356	1
4	356	1
5	356	0
6	356	1
7	356	0
0	357	0
1	357	1
2	357	1
3	357	1
4	357	0
5	357	0
6	357	1
7	357	0
0	358	0
1	358	0
2	358	0
3	358	1
4	358	1
5	358	1
6	358	1
7	358	0
0	359	1
1	359	1
2	359	1
3	359	1
4	359	1
5	359	1
6	359	0
7	359	1
0	360	0
1	360	0
2	360	1
3	360	1
4	360	1
5	360	1
6	360	1
7	360	1
0	361	0
1	361	0
2	361	1
3	361	0
4	361	1
5	361	1
6	361	1
7	361	0
0	362	0
1	362	0
2	362	0
3	362	0
4	362	0
5	362	0
6	362	0
7	362	0
0	363	0
1	363	1
2	363	1
3	363	1
4	363	1
5	363	1
6	363	1
7	363	0
0	364	0
1	364	0
2	364	1
3	364	0
4	364	1
5	364	0
6	364	0
7	364	1
0	365	0
1	365	0
2	365	0
3	365	0
4	365	0
5	365	1
6	365	1
7	365	0
0	366	0
1	366	0
2	366	1
3	366	0
4	366	0
5	366	1
6	366	0
7	366	0
0	367	0
1	367	1
2	367	1
3	367	0
4	367	0
5	367	0
6	367	0
7	367	1
0	368	1
1	368	0
2	368	0
3	368	1
4	368	1
5	368	0
6	368	0
7	368	1
0	369	0
1	369	1
2	369	1
3	369	0
4	369	0
5	369	1
6	369	1
7	369	0
0	370	1
1	370	1
2	370	1
3	370	0
4	370	0
5	370	1
6	370	1
7	370	1
0	371	1
1	371	0
2	371	1
3	371	0
4	371	0
5	371	0
6	371	0
7	371	1
0	372	1
1	372	1
2	372	0
3	372	0
4	372	1
5	372	1
6	372	1
7	372	0
0	373	0
1	373	0
2	373	0
3	373	0
4	373	0
5	373	1
6	373	1
7	373	0
0	374	1
1	374	0
2	374	1
3	374	1
4	374	1
5	374	0
6	374	0
7	374	0
0	375	1
1	375	1
2	375	1
3	375	1
4	375	0
5	375	1
6	375	1
7	375	1
0	376	0
1	376	1
2	376	0
3	376	1
4	376	1
5	376	0
6	376	1
7	376	0
0	377	0
1	377	0
2	377	0
3	377	1
4	377	0
5	377	1
6	377	0
7	377	1
0	378	1
1	378	0
2	378	1
3	378	0
4	378	0
5	378	0
6	378	1
7	378	1
0	379	0
1	379	0
2	379	1
3	379	0
4	379	0
5	379	0
6	379	0
7	379	1
0	380	0
1	380	0
2	380	0
3	380	0
4	380	0
5	380	1
6	380	0
7	380	0
0	381	0
1	381	1
2	381	0
3	381	0
4	381	1
5	381	1
6	381	0
7	381	0
0	382	0
1	382	0
2	382	1
3	382	0
4	382	0
5	382	1
6	382	0
7	382	1
0	383	0
1	383	0
2	383	0
3	383	0
4	383	0
5	383	1
6	383	0
7	383	1
0	384	0
1	384	0
2	384	0
3	384	0
4	384	1
5	384	1
6	384	0
7	384	0
0	385	0
1	385	0
2	385	0
3	385	0
4	385	1
5	385	1
6	385	1
7	385	0
0	386	1
1	386	0
2	386	1
3	386	1
4	386	0
5	386	0
6	386	0
7	386	1
0	387	1
1	387	1
2	387	1
3	387	1
4	387	0
5	387	1
6	387	1
7	387	1
0	388	0
1	388	1
2	388	1
3	388	1
4	388	1
5	388	1
6	388	1
7	388	1
0	389	0
1	389	0
2	389	1
3	389	1
4	389	0
5	389	0
6	389	1
7	389	0
0	390	0
1	390	1
2	390	0
3	390	0
4	390	0
5	390	1
6	390	0
7	390	1
0	391	0
1	391	1
2	391	1
3	391	1
4	391	0
5	391	0
6	391	1
7	391	1
0	392	1
1	392	0
2	392	0
3	392	0
4	392	0
5	392	0
6	392	0
7	392	1
0	393	1
1	393	0
2	393	0
3	393	0
4	393	0
5	393	0
6	393	1
7	393	1
0	394	1
1	394	1
2	394	1
3	394	1
4	394	1
5	394	1
6	394	1
7	394	1
0	395	1
1	395	1
2	395	1
3	395	1
4	395	1
5	395	1
6	395	1
7	395	1
0	396	0
1	396	1
2	396	0
3	396	0
4	396	0
5	396	0
6	396	1
7	396	1
0	397	1
1	397	0
2	397	1
3	397	0
4	397	0
5	397	1
6	397	1
7	397	0
0	398	0
1	398	0
2	398	1
3	398	0
4	398	0
5	398	0
6	398	0
7	398	0
0	399	1
1	399	1
2	399	1
3	399	1
4	399	0
5	399	0
6	399	0
7	399	0
0	400	1
1	400	1
2	400	0
3	400	0
4	400	1
5	400	0
6	400	0
7	400	0
0	401	0
1	401	0
2	401	1
3	401	0
4	401	0
5	401	0
6	401	0
7	401	0
0	402	1
1	402	1
2	402	1
3	402	0
4	402	1
5	402	1
6	402	0
7	402	1
0	403	1
1	403	0
2	403	1
3	403	0
4	403	0
5	403	0
6	403	1
7	403	0
0	404	0
1	404	1
2	404	1
3	404	1
4	404	1
5	404	0
6	404	1
7	404	0
0	405	1
1	405	1
2	405	1
3	405	1
4	405	0
5	405	0
6	405	1
7	405	1
0	406	1
1	406	1
2	406	0
3	406	1
4	406	0
5	406	1
6	406	1
7	406	1
0	407	1
1	407	1
2	407	0
3	407	0
4	407	1
5	407	1
6	407	0
7	407	0
0	408	0
1	408	1
2	408	1
3	408	1
4	408	0
5	408	1
6	408	1
7	408	1
0	409	0
1	409	1
2	409	1
3	409	1
4	409	1
5	409	0
6	409	1
7	409	1
0	410	0
1	410	1
2	410	0
3	410	1
4	410	1
5	410	0
6	410	0
7	410	1
0	411	1
1	411	1
2	411	0
3	411	0
4	411	1
5	411	0
6	411	1
7	411	1
0	412	1
1	412	0
2	412	1
3	412	0
4	412	0
5	412	0
6	412	1
7	412	0
0	413	1
1	413	0
2	413	0
3	413	0
4	413	0
5	413	0
6	413	0
7	413	1
0	414	1
1	414	0
2	414	0
3	414	1
4	414	0
5	414	1
6	414	1
7	414	1
0	415	0
1	415	0
2	415	1
3	415	1
4	415	0
5	415	1
6	415	0
7	415	1
0	416	0
1	416	0
2	416	0
3	416	0
4	416	1
5	416	0
6	416	0
7	416	0
0	417	0
1	417	0
2	417	1
3	417	1
4	417	1
5	417	0
6	417	0
7	417	0
0	418	1
1	418	1
2	418	0
3	418	0
4	418	1
5	418	0
6	418	1
7	418	0
0	419	1
1	419	1
2	419	0
3	419	0
4	419	1
5	419	1
6	419	1
7	419	0
0	420	0
1	420	0
2	420	0
3	420	0
4	420	1
5	420	0
6	420	0
7	420	0
0	421	1
1	421	1
2	421	0
3	421	0
4	421	1
5	421	0
6	421	0
7	421	0
0	422	1
1	422	0
2	422	0
3	422	0
4	422	1
5	422	0
6	422	0
7	422	1
0	423	1
1	423	1
2	423	0
3	423	0
4	423	1
5	423	0
6	423	0
7	423	0
0	424	1
1	424	1
2	424	1
3	424	1
4	424	1
5	424	0
6	424	0
7	424	1
0	425	0
1	425	1
2	425	1
3	425	1
4	425	1
5	425	1
6	425	1
7	425	1
0	426	0
1	426	0
2	426	0
3	426	0
4	426	1
5	426	0
6	426	1
7	426	0
0	427	0
1	427	1
2	427	1
3	427	1
4	427	0
5	427	0
6	427	1
7	427	0
0	428	1
1	428	0
2	428	0
3	428	0
4	428	1
5	428	1
6	428	0
7	428	1
0	429	1
1	429	0
2	429	0
3	429	0
4	429	0
5	429	1
6	429	0
7	429	0
0	430	1
1	430	0
2	430	0
3	430	1
4	430	1
5	430	1
6	430	0
7	430	1
0	431	0
1	431	1
2	431	1
3	431	1
4	431	0
5	431	1
6	431	1
7	431	1
0	432	0
1	432	0
2	432	0
3	432	1
4	432	1
5	432	1
6	432	0
7	432	0
0	433	0
1	433	0
2	433	0
3	433	1
4	433	1
5	433	0
6	433	0
7	433	0
0	434	0
1	434	0
2	434	0
3	434	1
4	434	0
5	434	0
6	434	1
7	434	0
0	435	1
1	435	0
2	435	0
3	435	0
4	435	1
5	435	0
6	435	1
7	435	1
0	436	1
1	436	0
2	436	0
3	436	0
4	436	0
5	436	1
6	436	0
7	436	1
0	437	1
1	437	0
2	437	0
3	437	1
4	437	1
5	437	1
6	437	1
7	437	1
0	438	0
1	438	1
2	438	0
3	438	0
4	438	1
5	438	1
6	438	0
7	438	1
0	439	0
1	439	1
2	439	0
3	439	0
4	439	1
5	439	0
6	439	0
7	439	1
0	440	1
1	440	1
2	440	1
3	440	0
4	440	0
5	440	1
6	440	1
7	440	0
0	441	1
1	441	0
2	441	1
3	441	0
4	441	0
5	441	0
6	441	0
7	441	1
0	442	0
1	442	1
2	442	1
3	442	1
4	442	0
5	442	0
6	442	1
7	442	1
0	443	0
1	443	0
2	443	0
3	443	1
4	443	0
5	443	1
6	443	1
7	443	1
0	444	1
1	444	0
2	444	0
3	444	0
4	444	0
5	444	1
6	444	1
7	444	1
0	445	0
1	445	1
2	445	0
3	445	0
4	445	1
5	445	1
6	445	1
7	445	1
0	446	1
1	446	1
2	446	0
3	446	0
4	446	0
5	446	1
6	446	0
7	446	0
0	447	1
1	447	0
2	447	0
3	447	0
4	447	0
5	447	1
6	447	0
7	447	0
0	448	0
1	448	1
2	448	1
3	448	1
4	448	1
5	448	1
6	448	1
7	448	0
0	449	1
1	449	0
2	449	0
3	449	0
4	449	1
5	449	0
6	449	0
7	449	0
0	450	1
1	450	0
2	450	0
3	450	0
4	450	1
5	450	0
6	450	0
7	450	1
0	451	1
1	451	1
2	451	0
3	451	1
4	451	0
5	451	1
6	451	1
7	451	0
0	452	1
1	452	0
2	452	0
3	452	1
4	452	1
5	452	1
6	452	1
7	452	0
0	453	0
1	453	0
2	453	0
3	453	1
4	453	0
5	453	0
6	453	0
7	453	0
0	454	1
1	454	0
2	454	0
3	454	0
4	454	0
5	454	0
6	454	0
7	454	0
0	455	1
1	455	1
2	455	0
3	455	1
4	455	1
5	455	1
6	455	0
7	455	0
0	456	0
1	456	0
2	456	1
3	456	0
4	456	0
5	456	0
6	456	1
7	456	0
0	457	0
1	457	1
2	457	0
3	457	0
4	457	0
5	457	0
6	457	1
7	457	0
0	458	1
1	458	1
2	458	1
3	458	1
4	458	0
5	458	0
6	458	0
7	458	1
0	459	0
1	459	0
2	459	1
3	459	0
4	459	1
5	459	1
6	459	0
7	459	0
0	460	0
1	460	0
2	460	1
3	460	0
4	460	1
5	460	0
6	460	1
7	460	1
0	461	1
1	461	1
2	461	1
3	461	0
4	461	0
5	461	0
6	461	0
7	461	1
0	462	1
1	462	1
2	462	0
3	462	1
4	462	0
5	462	1
6	462	0
7	462	0
0	463	0
1	463	0
2	463	0
3	463	1
4	463	1
5	463	0
6	463	0
7	463	0
0	464	1
1	464	0
2	464	0
3	464	1
4	464	1
5	464	0
6	464	0
7	464	0
0	465	0
1	465	0
2	465	0
3	465	1
4	465	0
5	465	1
6	465	0
7	465	0
0	466	1
1	466	1
2	466	0
3	466	0
4	466	1
5	466	1
6	466	1
7	466	1
0	467	1
1	467	0
2	467	0
3	467	0
4	467	0
5	467	1
6	467	0
7	467	0
0	468	1
1	468	0
2	468	0
3	468	1
4	468	0
5	468	1
6	468	1
7	468	1
0	469	1
1	469	1
2	469	1
3	469	1
4	469	1
5	469	0
6	469	0
7	469	1
0	470	1
1	470	0
2	470	1
3	470	1
4	470	1
5	470	0
6	470	0
7	470	1
0	471	0
1	471	0
2	471	0
3	471	0
4	471	0
5	471	1
6	471	1
7	471	0
0	472	0
1	472	0
2	472	0
3	472	0
4	472	1
5	472	0
6	472	0
7	472	0
0	473	0
1	473	1
2	473	0
3	473	0
4	473	0
5	473	1
6	473	0
7	473	0
0	474	0
1	474	0
2	474	1
3	474	0
4	474	0
5	474	0
6	474	0
7	474	1
0	475	0
1	475	0
2	475	0
3	475	0
4	475	1
5	475	1
6	475	0
7	475	1
0	476	0
1	476	0
2	476	1
3	476	0
4	476	1
5	476	0
6	476	0
7	476	0
0	477	1
1	477	1
2	477	0
3	477	1
4	477	1
5	477	0
6	477	0
7	477	0
0	478	0
1	478	0
2	478	1
3	478	0
4	478	1
5	478	0
6	478	0
7	478	0
0	479	0
1	479	1
2	479	1
3	479	0
4	479	1
5	479	0
6	479	0
7	479	0
0	480	0
1	480	1
2	480	1
3	480	1
4	480	0
5	480	1
6	480	1
7	480	0
0	481	1
1	481	0
2	481	0
3	481	0
4	481	0
5	481	0
6	481	0
7	481	0
0	482	1
1	482	0
2	482	0
3	482	0
4	482	1
5	482	0
6	482	0
7	482	0
0	483	0
1	483	0
2	483	1
3	483	1
4	483	0
5	483	0
6	483	0
7	483	1
0	484	1
1	484	0
2	484	0
3	484	0
4	484	0
5	484	1
6	484	1
7	484	0
0	485	0
1	485	1
2	485	1
3	485	0
4	485	0
5	485	0
6	485	0
7	485	1
0	486	0
1	486	1
2	486	1
3	486	1
4	486	1
5	486	0
6	486	0
7	486	1
0	487	0
1	487	1
2	487	1
3	487	0
4	487	0
5	487	0
6	487	0
7	487	0
0	488	0
1	488	0
2	488	1
3	488	0
4	488	1
5	488	0
6	488	0
7	488	1
0	489	0
1	489	1
2	489	1
3	489	1
4	489	1
5	489	1
6	489	0
7	489	0
0	490	0
1	490	0
2	490	1
3	490	0
4	490	1
5	490	0
6	490	1
7	490	1
0	491	1
1	491	0
2	491	1
3	491	0
4	491	0
5	491	1
6	491	0
7	491	0
0	492	1
1	492	0
2	492	1
3	492	1
4	492	1
5	492	0
6	492	0
7	492	0
0	493	1
1	493	1
2	493	0
3	493	0
4	493	0
5	493	0
6	493	1
7	493	0
0	494	1
1	494	0
2	494	0
3	494	1
4	494	0
5	494	0
6	494	0
7	494	0
0	495	0
1	495	1
2	495	0
3	495	1
4	495	0
5	495	1
6	495	0
7	495	0
0	496	1
1	496	0
2	496	0
3	496	0
4	496	0
5	496	1
6	496	1
7	496	0
0	497	0
1	497	0
2	497	0
3	497	1
4	497	0
5	497	0
6	497	0
7	497	0
0	498	1
1	498	0
2	498	1
3	498	0
4	498	1
5	498	1
6	498	1
7	498	0
0	499	1
1	499	1
2	499	1
3	499	0
4	499	0
5	499	0
6	499	1
7	499	0
0	500	0
1	500	1
2	500	0
3	500	0
4	500	1
5	500	1
6	500	0
7	500	0
0	501	0
1	501	0
2	501	0
3	501	0
4	501	1
5	501	1
6	501	0
7	501	1
0	502	0
1	502	1
2	502	0
3	502	0
4	502	0
5	502	1
6	502	0
7	502	1
0	503	0
1	503	1
2	503	1
3	503	0
4	503	0
5	503	0
6	503	0
7	503	0
0	504	1
1	504	0
2	504	0
3	504	0
4	504	1
5	504	0
6	504	0
7	504	1
0	505	1
1	505	0
2	505	0
3	505	0
4	505	0
5	505	1
6	505	1
7	505	1
0	506	0
1	506	1
2	506	1
3	506	1
4	506	0
5	506	1
6	506	1
7	506	1
0	507	0
1	507	0
2	507	0
3	507	1
4	507	1
5	507	0
6	507	0
7	507	0
0	508	0
1	508	0
2	508	1
3	508	0
4	508	1
5	508	1
6	508	1
7	508	0
0	509	0
1	509	1
2	509	0
3	509	0
4	509	1
5	509	1
6	509	0
7	509	0
0	510	0
1	510	0
2	510	0
3	510	1
4	510	0
5	510	1
6	510	1
7	510	1
0	511	0
1	511	0
2	511	0
3	511	1
4	511	0
5	511	0
6	511	1
7	511	0
0	512	0
1	512	1
2	512	1
3	512	0
4	512	0
5	512	0
6	512	1
7	512	0
0	513	1
1	513	0
2	513	0
3	513	0
4	513	0
5	513	0
6	513	1
7	513	1
0	514	0
1	514	1
2	514	0
3	514	0
4	514	1
5	514	1
6	514	0
7	514	0
0	515	1
1	515	0
2	515	1
3	515	1
4	515	1
5	515	1
6	515	0
7	515	1
0	516	1
1	516	1
2	516	1
3	516	1
4	516	0
5	516	0
6	516	1
7	516	1
0	517	0
1	517	1
2	517	0
3	517	0
4	517	1
5	517	0
6	517	0
7	517	1
0	518	0
1	518	0
2	518	1
3	518	1
4	518	0
5	518	0
6	518	0
7	518	0
0	519	1
1	519	0
2	519	0
3	519	0
4	519	1
5	519	0
6	519	0
7	519	0
0	520	0
1	520	0
2	520	0
3	520	0
4	520	0
5	520	0
6	520	0
7	520	0
0	521	0
1	521	0
2	521	0
3	521	0
4	521	0
5	521	0
6	521	0
7	521	1
0	522	1
1	522	0
2	522	1
3	522	0
4	522	0
5	522	1
6	522	0
7	522	0
0	523	1
1	523	1
2	523	1
3	523	1
4	523	1
5	523	1
6	523	1
7	523	1
0	524	1
1	524	0
2	524	0
3	524	1
4	524	1
5	524	1
6	524	1
7	524	0
0	525	1
1	525	0
2	525	1
3	525	0
4	525	1
5	525	0
6	525	0
7	525	0
0	526	0
1	526	0
2	526	0
3	526	1
4	526	1
5	526	0
6	526	0
7	526	0
0	527	0
1	527	1
2	527	1
3	527	0
4	527	0
5	527	0
6	527	0
7	527	0
0	528	0
1	528	1
2	528	1
3	528	1
4	528	0
5	528	1
6	528	1
7	528	0
0	529	1
1	529	1
2	529	0
3	529	1
4	529	0
5	529	1
6	529	0
7	529	1
0	530	0
1	530	1
2	530	0
3	530	0
4	530	0
5	530	0
6	530	1
7	530	1
0	531	1
1	531	0
2	531	0
3	531	0
4	531	0
5	531	1
6	531	0
7	531	1
0	532	0
1	532	1
2	532	1
3	532	0
4	532	0
5	532	0
6	532	0
7	532	0
0	533	0
1	533	0
2	533	0
3	533	0
4	533	0
5	533	0
6	533	0
7	533	0
0	534	0
1	534	1
2	534	1
3	534	0
4	534	1
5	534	0
6	534	1
7	534	0
0	535	1
1	535	1
2	535	0
3	535	0
4	535	1
5	535	1
6	535	0
7	535	1
0	536	1
1	536	0
2	536	0
3	536	1
4	536	0
5	536	0
6	536	0
7	536	1
0	537	0
1	537	0
2	537	1
3	537	0
4	537	1
5	537	0
6	537	0
7	537	1
0	538	1
1	538	0
2	538	0
3	538	0
4	538	1
5	538	0
6	538	0
7	538	0
0	539	0
1	539	1
2	539	1
3	539	1
4	539	0
5	539	1
6	539	0
7	539	1
0	540	1
1	540	1
2	540	1
3	540	1
4	540	1
5	540	1
6	540	1
7	540	0
0	541	1
1	541	1
2	541	1
3	541	1
4	541	0
5	541	1
6	541	0
7	541	1
0	542	1
1	542	1
2	542	1
3	542	0
4	542	0
5	542	1
6	542	1
7	542	1
0	543	0
1	543	1
2	543	0
3	543	0
4	543	1
5	543	0
6	543	1
7	543	1
0	544	0
1	544	1
2	544	0
3	544	0
4	544	0
5	544	0
6	544	1
7	544	0
0	545	1
1	545	0
2	545	0
3	545	1
4	545	1
5	545	1
6	545	1
7	545	1
0	546	0
1	546	1
2	546	1
3	546	0
4	546	1
5	546	0
6	546	1
7	546	1
0	547	1
1	547	0
2	547	0
3	547	0
4	547	1
5	547	0
6	547	1
7	547	1
0	548	0
1	548	0
2	548	0
3	548	0
4	548	1
5	548	1
6	548	1
7	548	0
0	549	0
1	549	0
2	549	0
3	549	0
4	549	0
5	549	0
6	549	0
7	549	0
0	550	0
1	550	0
2	550	0
3	550	1
4	550	0
5	550	1
6	550	0
7	550	0
0	551	0
1	551	0
2	551	0
3	551	0
4	551	1
5	551	1
6	551	0
7	551	0
0	552	0
1	552	0
2	552	1
3	552	0
4	552	0
5	552	0
6	552	1
7	552	0
0	553	0
1	553	1
2	553	1
3	553	0
4	553	0
5	553	1
6	553	0
7	553	1
0	554	0
1	554	1
2	554	1
3	554	0
4	554	0
5	554	0
6	554	0
7	554	0
0	555	1
1	555	0
2	555	0
3	555	0
4	555	0
5	555	0
6	555	1
7	555	1
0	556	0
1	556	1
2	556	0
3	556	1
4	556	1
5	556	0
6	556	0
7	556	1
0	557	0
1	557	0
2	557	0
3	557	0
4	557	1
5	557	0
6	557	1
7	557	0
0	558	0
1	558	0
2	558	0
3	558	1
4	558	0
5	558	1
6	558	0
7	558	0
0	559	0
1	559	0
2	559	0
3	559	0
4	559	0
5	559	0
6	559	0
7	559	0
0	560	1
1	560	1
2	560	1
3	560	1
4	560	1
5	560	0
6	560	1
7	560	1
0	561	0
1	561	0
2	561	0
3	561	1
4	561	1
5	561	1
6	561	1
7	561	1
0	562	1
1	562	0
2	562	1
3	562	0
4	562	1
5	562	0
6	562	1
7	562	0
0	563	0
1	563	0
2	563	0
3	563	1
4	563	1
5	563	0
6	563	1
7	563	0
0	564	0
1	564	1
2	564	1
3	564	0
4	564	0
5	564	1
6	564	0
7	564	1
0	565	1
1	565	1
2	565	0
3	565	1
4	565	0
5	565	0
6	565	0
7	565	1
0	566	0
1	566	0
2	566	0
3	566	0
4	566	1
5	566	0
6	566	0
7	566	1
0	567	0
1	567	1
2	567	0
3	567	1
4	567	0
5	567	0
6	567	1
7	567	0
0	568	0
1	568	0
2	568	0
3	568	0
4	568	0
5	568	0
6	568	0
7	568	0
0	569	1
1	569	0
2	569	0
3	569	1
4	569	0
5	569	1
6	569	1
7	569	0
0	570	0
1	570	0
2	570	0
3	570	1
4	570	0
5	570	1
6	570	0
7	570	1
0	571	0
1	571	0
2	571	0
3	571	0
4	571	0
5	571	0
6	571	0
7	571	0
0	572	0
1	572	0
2	572	0
3	572	0
4	572	1
5	572	0
6	572	0
7	572	1
0	573	1
1	573	1
2	573	0
3	573	1
4	573	0
5	573	0
6	573	0
7	573	1
0	574	0
1	574	0
2	574	1
3	574	0
4	574	0
5	574	1
6	574	1
7	574	0
0	575	1
1	575	0
2	575	1
3	575	0
4	575	1
5	575	1
6	575	1
7	575	1
0	576	1
1	576	0
2	576	0
3	576	0
4	576	1
5	576	0
6	576	1
7	576	1
0	577	0
1	577	1
2	577	0
3	577	1
4	577	1
5	577	0
6	577	0
7	577	0
0	578	1
1	578	0
2	578	1
3	578	0
4	578	0
5	578	1
6	578	1
7	578	1
0	579	0
1	579	0
2	579	1
3	579	1
4	579	1
5	579	1
6	579	1
7	579	1
0	580	1
1	580	1
2	580	1
3	580	1
4	580	0
5	580	1
6	580	1
7	580	0
0	581	0
1	581	0
2	581	0
3	581	0
4	581	1
5	581	0
6	581	1
7	581	1
0	582	1
1	582	1
2	582	1
3	582	0
4	582	0
5	582	1
6	582	0
7	582	0
0	583	0
1	583	1
2	583	1
3	583	0
4	583	0
5	583	1
6	583	0
7	583	0
0	584	1
1	584	0
2	584	0
3	584	0
4	584	0
5	584	1
6	584	1
7	584	1
0	585	0
1	585	1
2	585	0
3	585	0
4	585	0
5	585	0
6	585	0
7	585	1
0	586	1
1	586	0
2	586	1
3	586	0
4	586	0
5	586	1
6	586	0
7	586	0
0	587	0
1	587	0
2	587	1
3	587	0
4	587	0
5	587	0
6	587	0
7	587	1
0	588	1
1	588	1
2	588	0
3	588	1
4	588	0
5	588	1
6	588	1
7	588	1
0	589	0
1	589	1
2	589	1
3	589	0
4	589	0
5	589	0
6	589	0
7	589	0
0	590	1
1	590	1
2	590	1
3	590	1
4	590	0
5	590	0
6	590	1
7	590	0
0	591	0
1	591	0
2	591	0
3	591	1
4	591	0
5	591	1
6	591	0
7	591	1
0	592	1
1	592	0
2	592	1
3	592	1
4	592	0
5	592	0
6	592	1
7	592	0
0	593	0
1	593	0
2	593	0
3	593	1
4	593	0
5	593	0
6	593	1
7	593	1
0	594	0
1	594	1
2	594	0
3	594	0
4	594	0
5	594	0
6	594	1
7	594	0
0	595	1
1	595	0
2	595	0
3	595	0
4	595	1
5	595	1
6	595	0
7	595	1
0	596	1
1	596	1
2	596	1
3	596	0
4	596	1
5	596	0
6	596	0
7	596	0
0	597	1
1	597	1
2	597	0
3	597	1
4	597	0
5	597	0
6	597	0
7	597	1
0	598	0
1	598	1
2	598	1
3	598	1
4	598	0
5	598	1
6	598	0
7	598	0
0	599	0
1	599	0
2	599	0
3	599	0
4	599	0
5	599	0
6	599	0
7	599	1
0	600	1
1	600	0
2	600	0
3	600	0
4	600	1
5	600	0
6	600	0
7	600	0
0	601	1
1	601	0
2	601	1
3	601	1
4	601	0
5	601	1
6	601	0
7	601	0
0	602	0
1	602	0
2	602	1
3	602	0
4	602	1
5	602	0
6	602	0
7	602	0
0	603	0
1	603	0
2	603	0
3	603	1
4	603	1
5	603	0
6	603	1
7	603	0
0	604	1
1	604	1
2	604	0
3	604	0
4	604	0
5	604	0
6	604	1
7	604	0
0	605	1
1	605	0
2	605	0
3	605	0
4	605	0
5	605	0
6	605	1
7	605	1
0	606	1
1	606	0
2	606	0
3	606	1
4	606	0
5	606	0
6	606	0
7	606	1
0	607	0
1	607	0
2	607	0
3	607	0
4	607	0
5	607	0
6	607	1
7	607	0
0	608	0
1	608	0
2	608	0
3	608	0
4	608	1
5	608	0
6	608	1
7	608	1
0	609	1
1	609	0
2	609	0
3	609	0
4	609	0
5	609	0
6	609	0
7	609	0
0	610	1
1	610	0
2	610	0
3	610	1
4	610	0
5	610	0
6	610	0
7	610	0
0	611	1
1	611	1
2	611	0
3	611	0
4	611	1
5	611	1
6	611	1
7	611	1
0	612	1
1	612	0
2	612	1
3	612	0
4	612	1
5	612	1
6	612	1
7	612	0
0	613	1
1	613	1
2	613	1
3	613	0
4	613	1
5	613	0
6	613	1
7	613	0
0	614	1
1	614	1
2	614	1
3	614	1
4	614	0
5	614	1
6	614	1
7	614	1
0	615	0
1	615	1
2	615	1
3	615	0
4	615	0
5	615	0
6	615	0
7	615	1
0	616	1
1	616	1
2	616	0
3	616	0
4	616	1
5	616	0
6	616	0
7	616	0
0	617	0
1	617	1
2	617	0
3	617	0
4	617	0
5	617	0
6	617	0
7	617	0
0	618	1
1	618	1
2	618	1
3	618	1
4	618	1
5	618	1
6	618	1
7	618	1
0	619	0
1	619	1
2	619	0
3	619	1
4	619	1
5	619	1
6	619	1
7	619	1
0	620	1
1	620	0
2	620	0
3	620	0
4	620	1
5	620	0
6	620	0
7	620	1
0	621	0
1	621	0
2	621	0
3	621	0
4	621	1
5	621	0
6	621	1
7	621	1
0	622	0
1	622	0
2	622	0
3	622	0
4	622	1
5	622	0
6	622	0
7	622	1
0	623	1
1	623	0
2	623	1
3	623	1
4	623	1
5	623	1
6	623	0
7	623	0
0	624	1
1	624	0
2	624	1
3	624	1
4	624	0
5	624	0
6	624	0
7	624	0
0	625	0
1	625	0
2	625	1
3	625	0
4	625	1
5	625	1
6	625	0
7	625	0
0	626	1
1	626	0
2	626	0
3	626	0
4	626	1
5	626	0
6	626	0
7	626	1
0	627	0
1	627	0
2	627	1
3	627	0
4	627	0
5	627	1
6	627	0
7	627	0
0	628	1
1	628	1
2	628	0
3	628	0
4	628	0
5	628	0
6	628	1
7	628	1
0	629	0
1	629	0
2	629	0
3	629	1
4	629	1
5	629	0
6	629	0
7	629	1
0	630	0
1	630	1
2	630	1
3	630	0
4	630	0
5	630	0
6	630	1
7	630	1
0	631	0
1	631	0
2	631	0
3	631	1
4	631	0
5	631	0
6	631	1
7	631	0
0	632	1
1	632	0
2	632	1
3	632	0
4	632	0
5	632	0
6	632	1
7	632	1
0	633	0
1	633	1
2	633	0
3	633	1
4	633	1
5	633	1
6	633	0
7	633	0
0	634	1
1	634	1
2	634	1
3	634	0
4	634	1
5	634	1
6	634	0
7	634	1
0	635	0
1	635	1
2	635	1
3	635	1
4	635	1
5	635	0
6	635	1
7	635	0
0	636	0
1	636	1
2	636	0
3	636	0
4	636	0
5	636	1
6	636	0
7	636	0
0	637	1
1	637	0
2	637	1
3	637	0
4	637	1
5	637	1
6	637	0
7	637	0
0	638	1
1	638	1
2	638	0
3	638	1
4	638	0
5	638	0
6	638	1
7	638	1
0	639	1
1	639	1
2	639	0
3	639	1
4	639	0
5	639	0
6	639	0
7	639	0
0	640	0
1	640	1
2	640	0
3	640	1
4	640	0
5	640	0
6	640	0
7	640	0
0	641	0
1	641	1
2	641	0
3	641	1
4	641	0
5	641	1
6	641	0
7	641	1
0	642	1
1	642	0
2	642	1
3	642	1
4	642	0
5	642	1
6	642	1
7	642	0
0	643	1
1	643	1
2	643	1
3	643	0
4	643	0
5	643	0
6	643	0
7	643	0
0	644	0
1	644	1
2	644	0
3	644	0
4	644	0
5	644	1
6	644	0
7	644	1
0	645	0
1	645	1
2	645	1
3	645	1
4	645	1
5	645	1
6	645	0
7	645	1
0	646	1
1	646	1
2	646	0
3	646	1
4	646	1
5	646	1
6	646	0
7	646	0
0	647	0
1	647	1
2	647	1
3	647	1
4	647	1
5	647	1
6	647	1
7	647	1
0	648	1
1	648	1
2	648	1
3	648	1
4	648	1
5	648	1
6	648	1
7	648	1
0	649	0
1	649	1
2	649	1
3	649	0
4	649	0
5	649	0
6	649	0
7	649	0
0	650	0
1	650	1
2	650	0
3	650	0
4	650	0
5	650	0
6	650	0
7	650	0
0	651	1
1	651	1
2	651	0
3	651	0
4	651	1
5	651	0
6	651	0
7	651	1
0	652	0
1	652	0
2	652	0
3	652	1
4	652	1
5	652	0
6	652	1
7	652	0
0	653	1
1	653	0
2	653	0
3	653	1
4	653	0
5	653	0
6	653	0
7	653	0
0	654	1
1	654	0
2	654	1
3	654	0
4	654	1
5	654	1
6	654	0
7	654	1
0	655	1
1	655	0
2	655	1
3	655	1
4	655	1
5	655	0
6	655	0
7	655	1
0	656	1
1	656	0
2	656	0
3	656	1
4	656	1
5	656	0
6	656	0
7	656	0
0	657	1
1	657	0
2	657	0
3	657	0
4	657	1
5	657	1
6	657	0
7	657	0
0	658	1
1	658	0
2	658	0
3	658	0
4	658	1
5	658	1
6	658	0
7	658	0
0	659	0
1	659	1
2	659	1
3	659	0
4	659	0
5	659	0
6	659	0
7	659	1
0	660	0
1	660	0
2	660	0
3	660	0
4	660	1
5	660	0
6	660	0
7	660	0
0	661	1
1	661	1
2	661	1
3	661	1
4	661	0
5	661	1
6	661	0
7	661	1
0	662	1
1	662	1
2	662	1
3	662	0
4	662	0
5	662	0
6	662	1
7	662	0
0	663	0
1	663	0
2	663	1
3	663	1
4	663	1
5	663	1
6	663	0
7	663	0
0	664	1
1	664	0
2	664	0
3	664	0
4	664	1
5	664	1
6	664	1
7	664	1
0	665	1
1	665	1
2	665	0
3	665	0
4	665	1
5	665	1
6	665	1
7	665	1
0	666	1
1	666	1
2	666	1
3	666	1
4	666	1
5	666	1
6	666	1
7	666	1
0	667	0
1	667	1
2	667	1
3	667	0
4	667	1
5	667	1
6	667	1
7	667	1
0	668	0
1	668	0
2	668	0
3	668	1
4	668	1
5	668	1
6	668	0
7	668	0
0	669	0
1	669	0
2	669	1
3	669	0
4	669	1
5	669	1
6	669	1
7	669	0
0	670	0
1	670	1
2	670	0
3	670	1
4	670	1
5	670	0
6	670	1
7	670	1
0	671	0
1	671	1
2	671	0
3	671	0
4	671	1
5	671	0
6	671	0
7	671	0
0	672	1
1	672	0
2	672	0
3	672	0
4	672	0
5	672	0
6	672	0
7	672	1
0	673	0
1	673	0
2	673	1
3	673	1
4	673	1
5	673	0
6	673	0
7	673	0
0	674	1
1	674	0
2	674	0
3	674	0
4	674	0
5	674	0
6	674	0
7	674	0
0	675	0
1	675	1
2	675	1
3	675	0
4	675	1
5	675	1
6	675	0
7	675	1
0	676	1
1	676	0
2	676	1
3	676	1
4	676	1
5	676	0
6	676	0
7	676	1
0	677	0
1	677	1
2	677	1
3	677	0
4	677	0
5	677	1
6	677	0
7	677	0
0	678	1
1	678	0
2	678	1
3	678	1
4	678	0
5	678	1
6	678	1
7	678	1
0	679	0
1	679	0
2	679	0
3	679	0
4	679	0
5	679	0
6	679	1
7	679	0
0	680	0
1	680	1
2	680	0
3	680	1
4	680	0
5	680	1
6	680	1
7	680	1
0	681	0
1	681	0
2	681	1
3	681	0
4	681	0
5	681	0
6	681	1
7	681	1
0	682	0
1	682	0
2	682	1
3	682	0
4	682	0
5	682	1
6	682	0
7	682	0
0	683	0
1	683	1
2	683	1
3	683	0
4	683	0
5	683	1
6	683	0
7	683	0
0	684	1
1	684	1
2	684	0
3	684	0
4	684	0
5	684	1
6	684	0
7	684	1
0	685	1
1	685	0
2	685	1
3	685	1
4	685	1
5	685	0
6	685	0
7	685	0
0	686	1
1	686	0
2	686	0
3	686	0
4	686	0
5	686	1
6	686	1
7	686	1
0	687	0
1	687	1
2	687	0
3	687	0
4	687	1
5	687	1
6	687	0
7	687	0
0	688	1
1	688	0
2	688	0
3	688	1
4	688	1
5	688	0
6	688	0
7	688	0
0	689	0
1	689	1
2	689	1
3	689	0
4	689	0
5	689	1
6	689	1
7	689	1
0	690	0
1	690	0
2	690	0
3	690	1
4	690	1
5	690	0
6	690	0
7	690	1
0	691	1
1	691	1
2	691	0
3	691	1
4	691	0
5	691	0
6	691	0
7	691	1
0	692	1
1	692	0
2	692	0
3	692	0
4	692	0
5	692	0
6	692	0
7	692	1
0	693	1
1	693	0
2	693	0
3	693	1
4	693	1
5	693	1
6	693	0
7	693	0
0	694	0
1	694	1
2	694	1
3	694	1
4	694	1
5	694	0
6	694	0
7	694	1
0	695	0
1	695	0
2	695	1
3	695	1
4	695	1
5	695	1
6	695	0
7	695	1
0	696	1
1	696	1
2	696	1
3	696	1
4	696	1
5	696	1
6	696	1
7	696	1
0	697	0
1	697	0
2	697	0
3	697	0
4	697	1
5	697	0
6	697	1
7	697	1
0	698	0
1	698	1
2	698	0
3	698	0
4	698	0
5	698	0
6	698	0
7	698	0
0	699	1
1	699	1
2	699	1
3	699	1
4	699	0
5	699	0
6	699	1
7	699	0
0	700	0
1	700	1
2	700	1
3	700	0
4	700	0
5	700	0
6	700	1
7	700	0
0	701	0
1	701	1
2	701	1
3	701	1
4	701	1
5	701	0
6	701	1
7	701	1
0	702	0
1	702	1
2	702	1
3	702	0
4	702	0
5	702	1
6	702	1
7	702	1
0	703	0
1	703	0
2	703	1
3	703	1
4	703	0
5	703	1
6	703	0
7	703	0
0	704	0
1	704	1
2	704	0
3	704	0
4	704	0
5	704	1
6	704	0
7	704	1
0	705	0
1	705	1
2	705	1
3	705	1
4	705	1
5	705	0
6	705	0
7	705	0
0	706	1
1	706	1
2	706	1
3	706	1
4	706	1
5	706	0
6	706	0
7	706	1
0	707	0
1	707	1
2	707	1
3	707	0
4	707	0
5	707	0
6	707	0
7	707	0
0	708	0
1	708	1
2	708	1
3	708	1
4	708	1
5	708	1
6	708	1
7	708	0
0	709	0
1	709	1
2	709	1
3	709	1
4	709	1
5	709	1
6	709	1
7	709	1
0	710	0
1	710	0
2	710	0
3	710	0
4	710	1
5	710	0
6	710	0
7	710	0
0	711	1
1	711	1
2	711	0
3	711	1
4	711	1
5	711	0
6	711	0
7	711	0
0	712	1
1	712	0
2	712	0
3	712	1
4	712	0
5	712	1
6	712	1
7	712	0
0	713	0
1	713	0
2	713	0
3	713	0
4	713	0
5	713	1
6	713	1
7	713	0
0	714	0
1	714	0
2	714	0
3	714	0
4	714	1
5	714	1
6	714	1
7	714	0
0	715	1
1	715	0
2	715	1
3	715	0
4	715	0
5	715	1
6	715	0
7	715	1
0	716	1
1	716	0
2	716	1
3	716	1
4	716	0
5	716	1
6	716	1
7	716	0
0	717	0
1	717	1
2	717	0
3	717	1
4	717	1
5	717	0
6	717	0
7	717	1
0	718	1
1	718	0
2	718	0
3	718	0
4	718	0
5	718	1
6	718	0
7	718	0
0	719	1
1	719	1
2	719	1
3	719	0
4	719	1
5	719	1
6	719	1
7	719	1
0	720	1
1	720	0
2	720	1
3	720	0
4	720	0
5	720	0
6	720	0
7	720	1
0	721	1
1	721	1
2	721	0
3	721	0
4	721	1
5	721	1
6	721	0
7	721	1
0	722	0
1	722	1
2	722	0
3	722	0
4	722	0
5	722	1
6	722	1
7	722	0
0	723	1
1	723	0
2	723	1
3	723	1
4	723	1
5	723	0
6	723	0
7	723	0
0	724	0
1	724	0
2	724	1
3	724	0
4	724	1
5	724	0
6	724	0
7	724	0
0	725	1
1	725	0
2	725	0
3	725	0
4	725	0
5	725	0
6	725	0
7	725	0
0	726	0
1	726	0
2	726	0
3	726	0
4	726	0
5	726	1
6	726	0
7	726	0
0	727	0
1	727	1
2	727	1
3	727	1
4	727	0
5	727	1
6	727	0
7	727	0
0	728	0
1	728	0
2	728	0
3	728	1
4	728	0
5	728	1
6	728	0
7	728	1
0	729	0
1	729	1
2	729	1
3	729	0
4	729	0
5	729	1
6	729	1
7	729	0
0	730	1
1	730	0
2	730	0
3	730	1
4	730	0
5	730	0
6	730	0
7	730	1
0	731	1
1	731	1
2	731	0
3	731	0
4	731	0
5	731	1
6	731	1
7	731	1
0	732	0
1	732	1
2	732	0
3	732	0
4	732	1
5	732	0
6	732	0
7	732	0
0	733	1
1	733	1
2	733	0
3	733	0
4	733	1
5	733	0
6	733	0
7	733	1
0	734	1
1	734	0
2	734	0
3	734	0
4	734	0
5	734	0
6	734	1
7	734	0
0	735	0
1	735	0
2	735	1
3	735	0
4	735	1
5	735	0
6	735	0
7	735	0
0	736	1
1	736	0
2	736	0
3	736	0
4	736	1
5	736	1
6	736	0
7	736	0
0	737	0
1	737	1
2	737	0
3	737	0
4	737	0
5	737	1
6	737	1
7	737	0
0	738	0
1	738	0
2	738	0
3	738	1
4	738	0
5	738	0
6	738	0
7	738	0
0	739	1
1	739	1
2	739	0
3	739	0
4	739	1
5	739	1
6	739	0
7	739	1
0	740	1
1	740	1
2	740	1
3	740	0
4	740	0
5	740	0
6	740	1
7	740	0
0	741	0
1	741	0
2	741	1
3	741	0
4	741	1
5	741	0
6	741	1
7	741	0
0	742	0
1	742	0
2	742	0
3	742	1
4	742	1
5	742	0
6	742	0
7	742	1
0	743	0
1	743	1
2	743	1
3	743	0
4	743	1
5	743	0
6	743	1
7	743	1
0	744	1
1	744	0
2	744	0
3	744	0
4	744	0
5	744	0
6	744	0
7	744	0
0	745	1
1	745	0
2	745	1
3	745	0
4	745	1
5	745	1
6	745	1
7	745	0
0	746	1
1	746	1
2	746	1
3	746	1
4	746	1
5	746	1
6	746	1
7	746	1
0	747	0
1	747	1
2	747	0
3	747	1
4	747	0
5	747	0
6	747	1
7	747	0
0	748	0
1	748	1
2	748	0
3	748	1
4	748	0
5	748	0
6	748	0
7	748	1
0	749	1
1	749	1
2	749	1
3	749	1
4	749	1
5	749	1
6	749	1
7	749	0
0	750	0
1	750	1
2	750	0
3	750	1
4	750	1
5	750	1
6	750	1
7	750	0
0	751	1
1	751	0
2	751	0
3	751	0
4	751	0
5	751	0
6	751	1
7	751	0
0	752	0
1	752	0
2	752	0
3	752	1
4	752	0
5	752	1
6	752	0
7	752	0
0	753	1
1	753	0
2	753	1
3	753	1
4	753	1
5	753	1
6	753	1
7	753	0
0	754	0
1	754	1
2	754	1
3	754	1
4	754	0
5	754	0
6	754	0
7	754	1
0	755	0
1	755	0
2	755	1
3	755	0
4	755	1
5	755	0
6	755	0
7	755	1
0	756	0
1	756	0
2	756	1
3	756	0
4	756	0
5	756	0
6	756	0
7	756	1
0	757	1
1	757	1
2	757	0
3	757	1
4	757	1
5	757	0
6	757	1
7	757	1
0	758	0
1	758	1
2	758	1
3	758	1
4	758	0
5	758	0
6	758	0
7	758	0
0	759	0
1	759	1
2	759	1
3	759	1
4	759	1
5	759	1
6	759	0
7	759	1
0	760	0
1	760	0
2	760	0
3	760	0
4	760	0
5	760	0
6	760	1
7	760	0
0	761	1
1	761	1
2	761	1
3	761	0
4	761	1
5	761	1
6	761	1
7	761	0
0	762	1
1	762	0
2	762	0
3	762	1
4	762	1
5	762	0
6	762	1
7	762	1
0	763	0
1	763	0
2	763	0
3	763	0
4	763	1
5	763	0
6	763	0
7	763	0
0	764	1
1	764	0
2	764	1
3	764	0
4	764	0
5	764	0
6	764	0
7	764	0
0	765	0
1	765	0
2	765	1
3	765	0
4	765	0
5	765	0
6	765	0
7	765	0
0	766	1
1	766	1
2	766	0
3	766	0
4	766	0
5	766	0
6	766	0
7	766	0
0	767	0
1	767	0
2	767	1
3	767	0
4	767	1
5	767	0
6	767	0
7	767	0