0	0	0
1	0	1
2	0	1
3	0	0
4	0	0
5	0	1
6	0	1
7	0	0
0	1	0
1	1	0
2	1	1
3	1	1
4	1	0
5	1	0
6	1	0
7	1	1
0	2	1
1	2	1
2	2	1
3	2	1
4	2	1
5	2	0
6	2	1
7	2	0
0	3	0
1	3	0
2	3	0
3	3	1
4	3	0
5	3	0
6	3	0
7	3	1
0	4	1
1	4	1
2	4	0
3	4	1
4	4	1
5	4	1
6	4	1
7	4	1
0	5	1
1	5	0
2	5	1
3	5	0
4	5	0
5	5	1
6	5	1
7	5	1
0	6	1
1	6	0
2	6	0
3	6	1
4	6	0
5	6	1
6	6	1
7	6	0
0	7	1
1	7	1
2	7	1
3	7	0
4	7	0
5	7	0
6	7	1
7	7	0
0	8	0
1	8	1
2	8	0
3	8	0
4	8	1
5	8	0
6	8	0
7	8	1
0	9	1
1	9	0
2	9	1
3	9	0
4	9	1
5	9	1
6	9	1
7	9	0
0	10	1
1	10	0
2	10	1
3	10	1
4	10	1
5	10	1
6	10	1
7	10	0
0	11	0
1	11	0
2	11	0
3	11	1
4	11	0
5	11	0
6	11	0
7	11	0
0	12	1
1	12	0
2	12	1
3	12	0
4	12	1
5	12	1
6	12	1
7	12	1
0	13	0
1	13	1
2	13	1
3	13	0
4	13	0
5	13	1
6	13	0
7	13	1
0	14	1
1	14	1
2	14	1
3	14	1
4	14	0
5	14	1
6	14	1
7	14	1
0	15	1
1	15	0
2	15	1
3	15	1
4	15	0
5	15	1
6	15	0
7	15	1
0	16	1
1	16	1
2	16	1
3	16	1
4	16	1
5	16	1
6	16	0
7	16	0
0	17	1
1	17	1
2	17	1
3	17	1
4	17	1
5	17	0
6	17	0
7	17	0
0	18	0
1	18	0
2	18	0
3	18	0
4	18	1
5	18	0
6	18	1
7	18	0
0	19	1
1	19	1
2	19	0
3	19	0
4	19	0
5	19	1
6	19	0
7	19	0
0	20	1
1	20	0
2	20	1
3	20	0
4	20	0
5	20	0
6	20	1
7	20	1
0	21	1
1	21	1
2	21	1
3	21	0
4	21	1
5	21	1
6	21	0
7	21	1
0	22	1
1	22	1
2	22	1
3	22	1
4	22	0
5	22	1
6	22	0
7	22	1
0	23	1
1	23	1
2	23	1
3	23	1
4	23	0
5	23	1
6	23	0
7	23	1
0	24	1
1	24	0
2	24	0
3	24	0
4	24	1
5	24	1
6	24	1
7	24	1
0	25	1
1	25	1
2	25	0
3	25	1
4	25	1
5	25	0
6	25	0
7	25	1
0	26	1
1	26	0
2	26	0
3	26	0
4	26	0
5	26	0
6	26	0
7	26	1
0	27	0
1	27	0
2	27	1
3	27	0
4	27	1
5	27	1
6	27	1
7	27	0
0	28	1
1	28	1
2	28	1
3	28	1
4	28	1
5	28	1
6	28	1
7	28	1
0	29	0
1	29	1
2	29	0
3	29	1
4	29	0
5	29	0
6	29	0
7	29	1
0	30	1
1	30	0
2	30	0
3	30	0
4	30	1
5	30	1
6	30	0
7	30	1
0	31	0
1	31	0
2	31	0
3	31	0
4	31	0
5	31	0
6	31	0
7	31	1
0	32	1
1	32	1
2	32	0
3	32	1
4	32	1
5	32	1
6	32	1
7	32	1
0	33	1
1	33	1
2	33	1
3	33	1
4	33	1
5	33	0
6	33	1
7	33	1
0	34	1
1	34	1
2	34	0
3	34	1
4	34	1
5	34	1
6	34	1
7	34	1
0	35	1
1	35	0
2	35	1
3	35	1
4	35	1
5	35	0
6	35	1
7	35	1
0	36	0
1	36	1
2	36	1
3	36	0
4	36	0
5	36	1
6	36	0
7	36	1
0	37	0
1	37	1
2	37	1
3	37	0
4	37	1
5	37	1
6	37	1
7	37	1
0	38	0
1	38	1
2	38	0
3	38	0
4	38	1
5	38	1
6	38	1
7	38	0
0	39	1
1	39	1
2	39	0
3	39	0
4	39	1
5	39	1
6	39	0
7	39	0
0	40	1
1	40	0
2	40	1
3	40	1
4	40	1
5	40	1
6	40	0
7	40	0
0	41	1
1	41	1
2	41	0
3	41	1
4	41	0
5	41	1
6	41	0
7	41	0
0	42	0
1	42	1
2	42	1
3	42	0
4	42	0
5	42	1
6	42	0
7	42	1
0	43	1
1	43	1
2	43	1
3	43	1
4	43	1
5	43	1
6	43	1
7	43	1
0	44	0
1	44	1
2	44	1
3	44	0
4	44	1
5	44	1
6	44	0
7	44	1
0	45	1
1	45	1
2	45	0
3	45	0
4	45	0
5	45	0
6	45	0
7	45	0
0	46	1
1	46	0
2	46	0
3	46	1
4	46	0
5	46	0
6	46	1
7	46	1
0	47	0
1	47	0
2	47	1
3	47	1
4	47	1
5	47	0
6	47	1
7	47	1
0	48	1
1	48	0
2	48	1
3	48	0
4	48	0
5	48	0
6	48	1
7	48	1
0	49	1
1	49	1
2	49	1
3	49	1
4	49	1
5	49	0
6	49	0
7	49	0
0	50	0
1	50	0
2	50	0
3	50	0
4	50	1
5	50	0
6	50	1
7	50	0
0	51	0
1	51	0
2	51	1
3	51	0
4	51	1
5	51	0
6	51	1
7	51	1
0	52	1
1	52	0
2	52	1
3	52	0
4	52	1
5	52	1
6	52	1
7	52	1
0	53	0
1	53	1
2	53	1
3	53	1
4	53	0
5	53	1
6	53	0
7	53	1
0	54	0
1	54	1
2	54	0
3	54	1
4	54	0
5	54	0
6	54	0
7	54	1
0	55	1
1	55	1
2	55	0
3	55	0
4	55	0
5	55	1
6	55	0
7	55	0
0	56	1
1	56	0
2	56	1
3	56	1
4	56	0
5	56	0
6	56	1
7	56	1
0	57	1
1	57	1
2	57	0
3	57	1
4	57	0
5	57	0
6	57	0
7	57	1
0	58	0
1	58	0
2	58	1
3	58	0
4	58	1
5	58	1
6	58	1
7	58	1
0	59	0
1	59	1
2	59	1
3	59	1
4	59	1
5	59	1
6	59	0
7	59	1
0	60	1
1	60	1
2	60	0
3	60	0
4	60	1
5	60	1
6	60	0
7	60	0
0	61	0
1	61	1
2	61	0
3	61	1
4	61	1
5	61	1
6	61	1
7	61	1
0	62	1
1	62	1
2	62	0
3	62	1
4	62	0
5	62	1
6	62	0
7	62	1
0	63	0
1	63	0
2	63	1
3	63	1
4	63	1
5	63	0
6	63	1
7	63	1
0	64	1
1	64	1
2	64	1
3	64	1
4	64	1
5	64	1
6	64	0
7	64	1
0	65	1
1	65	1
2	65	1
3	65	0
4	65	0
5	65	0
6	65	1
7	65	0
0	66	1
1	66	1
2	66	0
3	66	0
4	66	1
5	66	0
6	66	1
7	66	1
0	67	1
1	67	1
2	67	0
3	67	0
4	67	0
5	67	1
6	67	1
7	67	0
0	68	0
1	68	1
2	68	0
3	68	0
4	68	1
5	68	1
6	68	1
7	68	1
0	69	1
1	69	0
2	69	0
3	69	1
4	69	1
5	69	1
6	69	1
7	69	1
0	70	0
1	70	1
2	70	0
3	70	0
4	70	0
5	70	0
6	70	0
7	70	1
0	71	1
1	71	0
2	71	1
3	71	1
4	71	0
5	71	1
6	71	1
7	71	1
0	72	1
1	72	1
2	72	1
3	72	0
4	72	1
5	72	0
6	72	0
7	72	0
0	73	1
1	73	1
2	73	1
3	73	1
4	73	0
5	73	0
6	73	0
7	73	1
0	74	0
1	74	1
2	74	0
3	74	0
4	74	1
5	74	1
6	74	0
7	74	0
0	75	0
1	75	1
2	75	1
3	75	1
4	75	0
5	75	1
6	75	1
7	75	1
0	76	1
1	76	1
2	76	0
3	76	1
4	76	0
5	76	1
6	76	0
7	76	1
0	77	1
1	77	1
2	77	1
3	77	1
4	77	1
5	77	0
6	77	1
7	77	0
0	78	1
1	78	0
2	78	1
3	78	0
4	78	1
5	78	1
6	78	1
7	78	1
0	79	1
1	79	1
2	79	1
3	79	1
4	79	1
5	79	0
6	79	0
7	79	1
0	80	1
1	80	0
2	80	0
3	80	1
4	80	0
5	80	1
6	80	0
7	80	1
0	81	0
1	81	1
2	81	0
3	81	0
4	81	1
5	81	1
6	81	0
7	81	1
0	82	1
1	82	1
2	82	0
3	82	0
4	82	0
5	82	1
6	82	0
7	82	1
0	83	1
1	83	1
2	83	0
3	83	1
4	83	0
5	83	0
6	83	0
7	83	1
0	84	0
1	84	1
2	84	0
3	84	1
4	84	0
5	84	1
6	84	0
7	84	1
0	85	0
1	85	1
2	85	1
3	85	1
4	85	0
5	85	0
6	85	1
7	85	1
0	86	0
1	86	1
2	86	0
3	86	1
4	86	0
5	86	1
6	86	1
7	86	1
0	87	0
1	87	1
2	87	0
3	87	1
4	87	1
5	87	1
6	87	1
7	87	1
0	88	1
1	88	1
2	88	1
3	88	0
4	88	0
5	88	0
6	88	0
7	88	1
0	89	1
1	89	1
2	89	1
3	89	1
4	89	0
5	89	1
6	89	0
7	89	1
0	90	0
1	90	1
2	90	1
3	90	1
4	90	1
5	90	1
6	90	1
7	90	1
0	91	0
1	91	1
2	91	1
3	91	0
4	91	1
5	91	0
6	91	0
7	91	0
0	92	1
1	92	0
2	92	0
3	92	1
4	92	0
5	92	1
6	92	0
7	92	1
0	93	0
1	93	0
2	93	1
3	93	0
4	93	0
5	93	1
6	93	1
7	93	1
0	94	1
1	94	0
2	94	1
3	94	0
4	94	1
5	94	0
6	94	0
7	94	1
0	95	1
1	95	0
2	95	0
3	95	0
4	95	1
5	95	1
6	95	0
7	95	0
0	96	0
1	96	1
2	96	0
3	96	1
4	96	0
5	96	0
6	96	0
7	96	0
0	97	1
1	97	1
2	97	0
3	97	1
4	97	1
5	97	1
6	97	0
7	97	0
0	98	0
1	98	1
2	98	1
3	98	0
4	98	0
5	98	1
6	98	1
7	98	1
0	99	0
1	99	0
2	99	1
3	99	1
4	99	1
5	99	1
6	99	1
7	99	0
0	100	1
1	100	1
2	100	0
3	100	1
4	100	1
5	100	1
6	100	0
7	100	1
0	101	0
1	101	1
2	101	1
3	101	1
4	101	1
5	101	0
6	101	1
7	101	0
0	102	0
1	102	0
2	102	1
3	102	0
4	102	0
5	102	1
6	102	1
7	102	1
0	103	1
1	103	0
2	103	1
3	103	0
4	103	1
5	103	0
6	103	0
7	103	1
0	104	1
1	104	1
2	104	1
3	104	1
4	104	1
5	104	0
6	104	0
7	104	0
0	105	1
1	105	1
2	105	0
3	105	0
4	105	1
5	105	1
6	105	1
7	105	1
0	106	1
1	106	1
2	106	1
3	106	1
4	106	0
5	106	0
6	106	1
7	106	0
0	107	1
1	107	0
2	107	1
3	107	1
4	107	1
5	107	1
6	107	0
7	107	1
0	108	1
1	108	0
2	108	0
3	108	0
4	108	0
5	108	1
6	108	0
7	108	1
0	109	1
1	109	1
2	109	0
3	109	1
4	109	0
5	109	0
6	109	0
7	109	0
0	110	1
1	110	1
2	110	0
3	110	0
4	110	0
5	110	1
6	110	1
7	110	0
0	111	0
1	111	0
2	111	0
3	111	0
4	111	0
5	111	0
6	111	0
7	111	1
0	112	0
1	112	0
2	112	0
3	112	1
4	112	0
5	112	1
6	112	1
7	112	1
0	113	1
1	113	1
2	113	0
3	113	1
4	113	0
5	113	1
6	113	1
7	113	1
0	114	0
1	114	1
2	114	0
3	114	0
4	114	0
5	114	0
6	114	1
7	114	0
0	115	1
1	115	1
2	115	1
3	115	1
4	115	1
5	115	0
6	115	1
7	115	1
0	116	0
1	116	0
2	116	1
3	116	1
4	116	1
5	116	1
6	116	1
7	116	0
0	117	1
1	117	1
2	117	0
3	117	0
4	117	1
5	117	1
6	117	0
7	117	1
0	118	1
1	118	0
2	118	1
3	118	0
4	118	1
5	118	0
6	118	1
7	118	0
0	119	1
1	119	1
2	119	1
3	119	0
4	119	1
5	119	0
6	119	1
7	119	1
0	120	1
1	120	1
2	120	0
3	120	1
4	120	0
5	120	1
6	120	0
7	120	1
0	121	0
1	121	1
2	121	0
3	121	0
4	121	0
5	121	0
6	121	1
7	121	1
0	122	0
1	122	0
2	122	1
3	122	1
4	122	1
5	122	0
6	122	1
7	122	1
0	123	1
1	123	0
2	123	1
3	123	0
4	123	1
5	123	1
6	123	1
7	123	1
0	124	0
1	124	1
2	124	1
3	124	0
4	124	1
5	124	0
6	124	1
7	124	1
0	125	1
1	125	1
2	125	1
3	125	0
4	125	0
5	125	0
6	125	0
7	125	1
0	126	1
1	126	1
2	126	1
3	126	1
4	126	1
5	126	0
6	126	0
7	126	1
0	127	1
1	127	1
2	127	1
3	127	1
4	127	1
5	127	1
6	127	1
7	127	1
0	128	1
1	128	0
2	128	1
3	128	1
4	128	0
5	128	1
6	128	1
7	128	0
0	129	1
1	129	0
2	129	1
3	129	1
4	129	0
5	129	1
6	129	0
7	129	1
0	130	1
1	130	0
2	130	0
3	130	1
4	130	1
5	130	1
6	130	1
7	130	1
0	131	1
1	131	1
2	131	1
3	131	0
4	131	0
5	131	1
6	131	1
7	131	1
0	132	1
1	132	0
2	132	1
3	132	1
4	132	1
5	132	0
6	132	1
7	132	1
0	133	0
1	133	1
2	133	0
3	133	1
4	133	0
5	133	1
6	133	0
7	133	1
0	134	1
1	134	0
2	134	1
3	134	0
4	134	0
5	134	1
6	134	1
7	134	1
0	135	1
1	135	1
2	135	1
3	135	0
4	135	1
5	135	1
6	135	1
7	135	0
0	136	1
1	136	1
2	136	1
3	136	1
4	136	1
5	136	0
6	136	1
7	136	1
0	137	0
1	137	0
2	137	0
3	137	1
4	137	0
5	137	1
6	137	1
7	137	0
0	138	0
1	138	0
2	138	1
3	138	0
4	138	1
5	138	1
6	138	1
7	138	0
0	139	1
1	139	1
2	139	0
3	139	0
4	139	0
5	139	1
6	139	0
7	139	0
0	140	0
1	140	0
2	140	0
3	140	1
4	140	1
5	140	0
6	140	0
7	140	1
0	141	1
1	141	1
2	141	0
3	141	0
4	141	0
5	141	0
6	141	0
7	141	1
0	142	0
1	142	0
2	142	0
3	142	1
4	142	1
5	142	0
6	142	1
7	142	1
0	143	0
1	143	1
2	143	1
3	143	0
4	143	1
5	143	0
6	143	0
7	143	1
0	144	0
1	144	1
2	144	0
3	144	1
4	144	0
5	144	0
6	144	1
7	144	0
0	145	1
1	145	0
2	145	1
3	145	0
4	145	1
5	145	1
6	145	0
7	145	0
0	146	0
1	146	1
2	146	0
3	146	0
4	146	0
5	146	0
6	146	1
7	146	0
0	147	0
1	147	0
2	147	1
3	147	1
4	147	1
5	147	1
6	147	1
7	147	0
0	148	1
1	148	1
2	148	1
3	148	1
4	148	1
5	148	0
6	148	0
7	148	1
0	149	1
1	149	0
2	149	0
3	149	1
4	149	0
5	149	1
6	149	0
7	149	1
0	150	1
1	150	1
2	150	0
3	150	0
4	150	1
5	150	0
6	150	1
7	150	1
0	151	1
1	151	1
2	151	0
3	151	0
4	151	1
5	151	0
6	151	0
7	151	1
0	152	1
1	152	0
2	152	1
3	152	1
4	152	1
5	152	0
6	152	1
7	152	0
0	153	1
1	153	1
2	153	1
3	153	0
4	153	1
5	153	1
6	153	0
7	153	1
0	154	0
1	154	0
2	154	0
3	154	0
4	154	0
5	154	1
6	154	0
7	154	1
0	155	1
1	155	0
2	155	1
3	155	0
4	155	1
5	155	1
6	155	1
7	155	1
0	156	0
1	156	1
2	156	0
3	156	0
4	156	0
5	156	1
6	156	0
7	156	1
0	157	0
1	157	1
2	157	1
3	157	0
4	157	1
5	157	0
6	157	0
7	157	0
0	158	1
1	158	1
2	158	0
3	158	1
4	158	0
5	158	0
6	158	0
7	158	1
0	159	1
1	159	0
2	159	1
3	159	1
4	159	1
5	159	0
6	159	0
7	159	1
0	160	1
1	160	1
2	160	0
3	160	1
4	160	0
5	160	1
6	160	1
7	160	1
0	161	1
1	161	1
2	161	1
3	161	0
4	161	0
5	161	1
6	161	0
7	161	1
0	162	0
1	162	0
2	162	0
3	162	0
4	162	1
5	162	0
6	162	0
7	162	0
0	163	1
1	163	1
2	163	0
3	163	0
4	163	1
5	163	1
6	163	1
7	163	1
0	164	0
1	164	0
2	164	1
3	164	0
4	164	1
5	164	1
6	164	0
7	164	1
0	165	1
1	165	0
2	165	1
3	165	1
4	165	0
5	165	1
6	165	1
7	165	0
0	166	0
1	166	0
2	166	0
3	166	1
4	166	1
5	166	1
6	166	0
7	166	1
0	167	1
1	167	0
2	167	0
3	167	1
4	167	1
5	167	0
6	167	1
7	167	1
0	168	1
1	168	0
2	168	0
3	168	1
4	168	1
5	168	1
6	168	0
7	168	1
0	169	1
1	169	0
2	169	1
3	169	1
4	169	0
5	169	1
6	169	1
7	169	1
0	170	1
1	170	0
2	170	1
3	170	1
4	170	0
5	170	0
6	170	1
7	170	1
0	171	0
1	171	1
2	171	1
3	171	0
4	171	0
5	171	1
6	171	1
7	171	1
0	172	1
1	172	1
2	172	0
3	172	1
4	172	1
5	172	1
6	172	1
7	172	0
0	173	1
1	173	1
2	173	0
3	173	1
4	173	1
5	173	1
6	173	1
7	173	1
0	174	1
1	174	0
2	174	1
3	174	1
4	174	1
5	174	1
6	174	1
7	174	1
0	175	0
1	175	1
2	175	1
3	175	1
4	175	1
5	175	1
6	175	1
7	175	0
0	176	1
1	176	1
2	176	1
3	176	1
4	176	1
5	176	0
6	176	1
7	176	1
0	177	1
1	177	0
2	177	1
3	177	1
4	177	1
5	177	0
6	177	1
7	177	0
0	178	1
1	178	1
2	178	0
3	178	1
4	178	0
5	178	1
6	178	1
7	178	0
0	179	1
1	179	1
2	179	0
3	179	0
4	179	1
5	179	0
6	179	1
7	179	1
0	180	0
1	180	0
2	180	0
3	180	0
4	180	0
5	180	0
6	180	1
7	180	0
0	181	0
1	181	1
2	181	1
3	181	1
4	181	1
5	181	1
6	181	1
7	181	1
0	182	1
1	182	1
2	182	1
3	182	0
4	182	1
5	182	1
6	182	0
7	182	1
0	183	1
1	183	0
2	183	0
3	183	1
4	183	1
5	183	0
6	183	0
7	183	1
0	184	0
1	184	1
2	184	1
3	184	0
4	184	1
5	184	1
6	184	0
7	184	0
0	185	1
1	185	1
2	185	0
3	185	1
4	185	0
5	185	1
6	185	1
7	185	1
0	186	1
1	186	1
2	186	1
3	186	0
4	186	0
5	186	0
6	186	0
7	186	0
0	187	0
1	187	1
2	187	1
3	187	1
4	187	0
5	187	0
6	187	1
7	187	0
0	188	1
1	188	1
2	188	1
3	188	0
4	188	0
5	188	1
6	188	1
7	188	0
0	189	1
1	189	1
2	189	0
3	189	1
4	189	1
5	189	0
6	189	0
7	189	1
0	190	0
1	190	1
2	190	1
3	190	0
4	190	0
5	190	1
6	190	1
7	190	1
0	191	1
1	191	0
2	191	1
3	191	1
4	191	1
5	191	0
6	191	0
7	191	1
0	192	1
1	192	1
2	192	1
3	192	0
4	192	1
5	192	1
6	192	0
7	192	0
0	193	0
1	193	1
2	193	0
3	193	1
4	193	0
5	193	0
6	193	1
7	193	0
0	194	0
1	194	1
2	194	1
3	194	1
4	194	1
5	194	1
6	194	0
7	194	1
0	195	1
1	195	1
2	195	1
3	195	0
4	195	1
5	195	1
6	195	1
7	195	1
0	196	0
1	196	0
2	196	0
3	196	1
4	196	0
5	196	0
6	196	0
7	196	1
0	197	1
1	197	1
2	197	1
3	197	1
4	197	1
5	197	1
6	197	1
7	197	1
0	198	1
1	198	1
2	198	1
3	198	1
4	198	1
5	198	1
6	198	0
7	198	1
0	199	0
1	199	0
2	199	1
3	199	0
4	199	1
5	199	1
6	199	1
7	199	1
0	200	1
1	200	1
2	200	0
3	200	1
4	200	0
5	200	0
6	200	0
7	200	1
0	201	1
1	201	1
2	201	0
3	201	1
4	201	1
5	201	1
6	201	1
7	201	0
0	202	1
1	202	1
2	202	0
3	202	0
4	202	0
5	202	0
6	202	0
7	202	0
0	203	1
1	203	1
2	203	1
3	203	0
4	203	0
5	203	1
6	203	0
7	203	1
0	204	0
1	204	1
2	204	1
3	204	1
4	204	0
5	204	0
6	204	1
7	204	1
0	205	0
1	205	1
2	205	0
3	205	1
4	205	1
5	205	1
6	205	1
7	205	1
0	206	1
1	206	1
2	206	0
3	206	0
4	206	1
5	206	0
6	206	1
7	206	0
0	207	1
1	207	0
2	207	0
3	207	0
4	207	1
5	207	1
6	207	1
7	207	1
0	208	0
1	208	1
2	208	1
3	208	0
4	208	0
5	208	0
6	208	0
7	208	1
0	209	0
1	209	0
2	209	0
3	209	0
4	209	1
5	209	1
6	209	1
7	209	0
0	210	1
1	210	0
2	210	1
3	210	0
4	210	0
5	210	1
6	210	1
7	210	1
0	211	1
1	211	1
2	211	1
3	211	1
4	211	0
5	211	1
6	211	1
7	211	1
0	212	1
1	212	1
2	212	1
3	212	1
4	212	0
5	212	0
6	212	0
7	212	0
0	213	0
1	213	1
2	213	0
3	213	1
4	213	0
5	213	1
6	213	0
7	213	0
0	214	1
1	214	0
2	214	0
3	214	1
4	214	1
5	214	0
6	214	1
7	214	1
0	215	1
1	215	0
2	215	0
3	215	1
4	215	0
5	215	0
6	215	1
7	215	1
0	216	1
1	216	0
2	216	0
3	216	1
4	216	1
5	216	1
6	216	0
7	216	1
0	217	0
1	217	0
2	217	1
3	217	0
4	217	1
5	217	1
6	217	1
7	217	1
0	218	0
1	218	1
2	218	1
3	218	0
4	218	1
5	218	1
6	218	0
7	218	0
0	219	0
1	219	1
2	219	0
3	219	1
4	219	1
5	219	1
6	219	0
7	219	0
0	220	1
1	220	0
2	220	1
3	220	0
4	220	0
5	220	0
6	220	0
7	220	0
0	221	1
1	221	0
2	221	0
3	221	1
4	221	1
5	221	0
6	221	0
7	221	1
0	222	0
1	222	0
2	222	0
3	222	1
4	222	1
5	222	1
6	222	0
7	222	1
0	223	0
1	223	1
2	223	1
3	223	0
4	223	1
5	223	0
6	223	1
7	223	1
0	224	0
1	224	1
2	224	0
3	224	0
4	224	1
5	224	0
6	224	0
7	224	1
0	225	1
1	225	1
2	225	1
3	225	0
4	225	0
5	225	1
6	225	0
7	225	1
0	226	0
1	226	1
2	226	1
3	226	0
4	226	0
5	226	1
6	226	1
7	226	0
0	227	0
1	227	1
2	227	1
3	227	1
4	227	1
5	227	1
6	227	1
7	227	0
0	228	1
1	228	1
2	228	0
3	228	0
4	228	0
5	228	0
6	228	0
7	228	1
0	229	1
1	229	0
2	229	1
3	229	1
4	229	0
5	229	1
6	229	0
7	229	0
0	230	1
1	230	1
2	230	1
3	230	1
4	230	1
5	230	0
6	230	1
7	230	1
0	231	0
1	231	1
2	231	1
3	231	1
4	231	0
5	231	1
6	231	1
7	231	1
0	232	0
1	232	1
2	232	0
3	232	1
4	232	1
5	232	1
6	232	0
7	232	1
0	233	0
1	233	1
2	233	1
3	233	1
4	233	1
5	233	0
6	233	1
7	233	1
0	234	0
1	234	1
2	234	1
3	234	0
4	234	1
5	234	0
6	234	1
7	234	0
0	235	1
1	235	1
2	235	1
3	235	0
4	235	1
5	235	0
6	235	1
7	235	1
0	236	1
1	236	1
2	236	1
3	236	1
4	236	0
5	236	0
6	236	0
7	236	0
0	237	0
1	237	0
2	237	1
3	237	1
4	237	1
5	237	0
6	237	1
7	237	0
0	238	1
1	238	0
2	238	1
3	238	0
4	238	1
5	238	1
6	238	1
7	238	1
0	239	1
1	239	1
2	239	1
3	239	0
4	239	0
5	239	1
6	239	1
7	239	0
0	240	1
1	240	0
2	240	0
3	240	1
4	240	1
5	240	0
6	240	1
7	240	1
0	241	1
1	241	1
2	241	0
3	241	1
4	241	1
5	241	1
6	241	0
7	241	1
0	242	0
1	242	1
2	242	0
3	242	0
4	242	1
5	242	0
6	242	1
7	242	1
0	243	1
1	243	0
2	243	1
3	243	1
4	243	0
5	243	1
6	243	1
7	243	1
0	244	1
1	244	0
2	244	0
3	244	1
4	244	1
5	244	0
6	244	1
7	244	1
0	245	1
1	245	0
2	245	0
3	245	1
4	245	0
5	245	0
6	245	0
7	245	1
0	246	1
1	246	1
2	246	1
3	246	1
4	246	1
5	246	1
6	246	1
7	246	1
0	247	0
1	247	1
2	247	0
3	247	1
4	247	0
5	247	0
6	247	0
7	247	0
0	248	1
1	248	0
2	248	1
3	248	0
4	248	1
5	248	1
6	248	1
7	248	1
0	249	1
1	249	1
2	249	1
3	249	1
4	249	0
5	249	1
6	249	1
7	249	1
0	250	1
1	250	1
2	250	1
3	250	1
4	250	0
5	250	0
6	250	0
7	250	0
0	251	0
1	251	0
2	251	0
3	251	1
4	251	1
5	251	1
6	251	1
7	251	1
0	252	1
1	252	0
2	252	0
3	252	0
4	252	1
5	252	1
6	252	1
7	252	0
0	253	1
1	253	1
2	253	0
3	253	0
4	253	0
5	253	1
6	253	0
7	253	0
0	254	1
1	254	0
2	254	0
3	254	0
4	254	0
5	254	1
6	254	0
7	254	1
0	255	0
1	255	0
2	255	0
3	255	1
4	255	0
5	255	1
6	255	0
7	255	1
0	256	1
1	256	0
2	256	1
3	256	1
4	256	0
5	256	0
6	256	1
7	256	1
0	257	1
1	257	1
2	257	1
3	257	1
4	257	1
5	257	0
6	257	1
7	257	1
0	258	1
1	258	0
2	258	1
3	258	0
4	258	0
5	258	0
6	258	0
7	258	1
0	259	0
1	259	0
2	259	1
3	259	1
4	259	1
5	259	0
6	259	0
7	259	0
0	260	1
1	260	1
2	260	0
3	260	1
4	260	1
5	260	1
6	260	0
7	260	1
0	261	0
1	261	1
2	261	0
3	261	1
4	261	0
5	261	0
6	261	1
7	261	0
0	262	1
1	262	1
2	262	0
3	262	0
4	262	0
5	262	0
6	262	0
7	262	1
0	263	1
1	263	0
2	263	1
3	263	1
4	263	1
5	263	1
6	263	1
7	263	0
0	264	0
1	264	1
2	264	1
3	264	1
4	264	1
5	264	1
6	264	0
7	264	1
0	265	0
1	265	1
2	265	0
3	265	0
4	265	0
5	265	0
6	265	0
7	265	1
0	266	1
1	266	1
2	266	1
3	266	1
4	266	0
5	266	0
6	266	1
7	266	1
0	267	1
1	267	1
2	267	1
3	267	1
4	267	1
5	267	0
6	267	1
7	267	0
0	268	1
1	268	1
2	268	1
3	268	1
4	268	0
5	268	1
6	268	1
7	268	1
0	269	1
1	269	0
2	269	1
3	269	1
4	269	0
5	269	1
6	269	1
7	269	0
0	270	1
1	270	1
2	270	0
3	270	0
4	270	0
5	270	1
6	270	1
7	270	0
0	271	0
1	271	0
2	271	1
3	271	1
4	271	1
5	271	1
6	271	1
7	271	1
0	272	1
1	272	0
2	272	0
3	272	1
4	272	1
5	272	1
6	272	0
7	272	1
0	273	1
1	273	1
2	273	1
3	273	1
4	273	1
5	273	1
6	273	1
7	273	1
0	274	0
1	274	1
2	274	0
3	274	0
4	274	1
5	274	0
6	274	1
7	274	0
0	275	1
1	275	1
2	275	1
3	275	1
4	275	1
5	275	0
6	275	1
7	275	1
0	276	0
1	276	1
2	276	1
3	276	1
4	276	0
5	276	0
6	276	0
7	276	1
0	277	0
1	277	1
2	277	0
3	277	1
4	277	0
5	277	1
6	277	0
7	277	0
0	278	1
1	278	1
2	278	0
3	278	0
4	278	1
5	278	1
6	278	0
7	278	1
0	279	1
1	279	1
2	279	1
3	279	1
4	279	0
5	279	1
6	279	0
7	279	0
0	280	1
1	280	1
2	280	1
3	280	1
4	280	1
5	280	0
6	280	1
7	280	0
0	281	1
1	281	1
2	281	0
3	281	1
4	281	1
5	281	1
6	281	1
7	281	1
0	282	1
1	282	1
2	282	1
3	282	1
4	282	0
5	282	0
6	282	0
7	282	1
0	283	1
1	283	1
2	283	1
3	283	1
4	283	0
5	283	0
6	283	1
7	283	1
0	284	0
1	284	0
2	284	0
3	284	0
4	284	0
5	284	0
6	284	1
7	284	0
0	285	0
1	285	0
2	285	1
3	285	1
4	285	0
5	285	0
6	285	1
7	285	0
0	286	0
1	286	0
2	286	1
3	286	0
4	286	0
5	286	0
6	286	1
7	286	0
0	287	0
1	287	0
2	287	0
3	287	1
4	287	0
5	287	1
6	287	0
7	287	0
0	288	0
1	288	1
2	288	1
3	288	0
4	288	1
5	288	0
6	288	1
7	288	0
0	289	1
1	289	0
2	289	0
3	289	1
4	289	0
5	289	0
6	289	0
7	289	1
0	290	1
1	290	0
2	290	0
3	290	1
4	290	0
5	290	0
6	290	1
7	290	0
0	291	0
1	291	0
2	291	1
3	291	0
4	291	1
5	291	0
6	291	0
7	291	0
0	292	1
1	292	0
2	292	1
3	292	1
4	292	0
5	292	0
6	292	1
7	292	0
0	293	0
1	293	0
2	293	0
3	293	0
4	293	1
5	293	1
6	293	0
7	293	0
0	294	1
1	294	0
2	294	1
3	294	1
4	294	0
5	294	0
6	294	0
7	294	1
0	295	1
1	295	0
2	295	0
3	295	1
4	295	0
5	295	0
6	295	1
7	295	0
0	296	0
1	296	1
2	296	0
3	296	0
4	296	0
5	296	0
6	296	1
7	296	0
0	297	0
1	297	0
2	297	0
3	297	1
4	297	1
5	297	1
6	297	0
7	297	1
0	298	0
1	298	0
2	298	0
3	298	0
4	298	0
5	298	0
6	298	0
7	298	0
0	299	0
1	299	0
2	299	1
3	299	1
4	299	0
5	299	0
6	299	1
7	299	0
0	300	1
1	300	0
2	300	0
3	300	0
4	300	0
5	300	0
6	300	1
7	300	1
0	301	0
1	301	0
2	301	0
3	301	1
4	301	0
5	301	0
6	301	0
7	301	1
0	302	0
1	302	1
2	302	1
3	302	0
4	302	1
5	302	1
6	302	0
7	302	1
0	303	0
1	303	0
2	303	1
3	303	1
4	303	1
5	303	0
6	303	0
7	303	0
0	304	0
1	304	1
2	304	0
3	304	0
4	304	0
5	304	0
6	304	1
7	304	0
0	305	1
1	305	0
2	305	0
3	305	1
4	305	0
5	305	0
6	305	1
7	305	1
0	306	1
1	306	0
2	306	1
3	306	0
4	306	0
5	306	0
6	306	0
7	306	1
0	307	0
1	307	1
2	307	1
3	307	1
4	307	0
5	307	0
6	307	1
7	307	1
0	308	1
1	308	1
2	308	1
3	308	0
4	308	1
5	308	1
6	308	1
7	308	1
0	309	0
1	309	1
2	309	0
3	309	1
4	309	1
5	309	1
6	309	0
7	309	0
0	310	0
1	310	1
2	310	1
3	310	1
4	310	1
5	310	0
6	310	0
7	310	0
0	311	0
1	311	0
2	311	1
3	311	0
4	311	1
5	311	1
6	311	0
7	311	0
0	312	0
1	312	1
2	312	0
3	312	1
4	312	0
5	312	0
6	312	1
7	312	0
0	313	0
1	313	0
2	313	0
3	313	1
4	313	0
5	313	0
6	313	0
7	313	0
0	314	1
1	314	1
2	314	0
3	314	0
4	314	1
5	314	0
6	314	0
7	314	0
0	315	1
1	315	1
2	315	0
3	315	1
4	315	0
5	315	0
6	315	0
7	315	0
0	316	0
1	316	1
2	316	1
3	316	0
4	316	0
5	316	0
6	316	0
7	316	1
0	317	0
1	317	1
2	317	0
3	317	1
4	317	0
5	317	1
6	317	0
7	317	1
0	318	1
1	318	1
2	318	0
3	318	0
4	318	0
5	318	1
6	318	1
7	318	0
0	319	0
1	319	0
2	319	0
3	319	1
4	319	1
5	319	0
6	319	1
7	319	1
0	320	0
1	320	1
2	320	0
3	320	0
4	320	1
5	320	1
6	320	1
7	320	0
0	321	0
1	321	1
2	321	0
3	321	0
4	321	0
5	321	0
6	321	1
7	321	0
0	322	0
1	322	0
2	322	0
3	322	0
4	322	0
5	322	0
6	322	0
7	322	0
0	323	1
1	323	0
2	323	1
3	323	1
4	323	0
5	323	0
6	323	0
7	323	0
0	324	1
1	324	1
2	324	0
3	324	0
4	324	0
5	324	1
6	324	0
7	324	0
0	325	0
1	325	1
2	325	1
3	325	1
4	325	1
5	325	0
6	325	0
7	325	0
0	326	0
1	326	1
2	326	0
3	326	1
4	326	0
5	326	1
6	326	0
7	326	0
0	327	0
1	327	1
2	327	0
3	327	0
4	327	1
5	327	1
6	327	1
7	327	1
0	328	1
1	328	1
2	328	0
3	328	1
4	328	0
5	328	0
6	328	1
7	328	1
0	329	0
1	329	1
2	329	0
3	329	0
4	329	1
5	329	0
6	329	1
7	329	0
0	330	0
1	330	1
2	330	1
3	330	0
4	330	0
5	330	0
6	330	0
7	330	1
0	331	0
1	331	1
2	331	0
3	331	0
4	331	0
5	331	1
6	331	0
7	331	0
0	332	1
1	332	1
2	332	1
3	332	0
4	332	0
5	332	1
6	332	0
7	332	0
0	333	0
1	333	1
2	333	1
3	333	0
4	333	0
5	333	0
6	333	0
7	333	0
0	334	0
1	334	0
2	334	1
3	334	1
4	334	1
5	334	0
6	334	0
7	334	0
0	335	0
1	335	1
2	335	0
3	335	1
4	335	1
5	335	0
6	335	0
7	335	0
0	336	0
1	336	0
2	336	0
3	336	0
4	336	1
5	336	1
6	336	0
7	336	1
0	337	1
1	337	0
2	337	1
3	337	1
4	337	1
5	337	0
6	337	0
7	337	0
0	338	0
1	338	0
2	338	0
3	338	1
4	338	1
5	338	1
6	338	0
7	338	0
0	339	1
1	339	0
2	339	1
3	339	0
4	339	1
5	339	1
6	339	1
7	339	1
0	340	0
1	340	0
2	340	0
3	340	0
4	340	1
5	340	0
6	340	0
7	340	1
0	341	1
1	341	1
2	341	0
3	341	0
4	341	0
5	341	1
6	341	1
7	341	1
0	342	0
1	342	0
2	342	1
3	342	1
4	342	0
5	342	1
6	342	0
7	342	0
0	343	0
1	343	0
2	343	1
3	343	0
4	343	1
5	343	0
6	343	0
7	343	1
0	344	1
1	344	0
2	344	0
3	344	1
4	344	0
5	344	0
6	344	1
7	344	1
0	345	0
1	345	0
2	345	1
3	345	0
4	345	0
5	345	1
6	345	0
7	345	0
0	346	0
1	346	1
2	346	1
3	346	1
4	346	0
5	346	0
6	346	0
7	346	1
0	347	0
1	347	0
2	347	0
3	347	1
4	347	0
5	347	0
6	347	1
7	347	0
0	348	0
1	348	0
2	348	1
3	348	1
4	348	0
5	348	1
6	348	1
7	348	0
0	349	0
1	349	0
2	349	0
3	349	1
4	349	1
5	349	0
6	349	1
7	349	1
0	350	0
1	350	1
2	350	1
3	350	0
4	350	0
5	350	1
6	350	0
7	350	1
0	351	0
1	351	0
2	351	0
3	351	1
4	351	1
5	351	1
6	351	0
7	351	0
0	352	1
1	352	1
2	352	1
3	352	1
4	352	0
5	352	1
6	352	1
7	352	1
0	353	0
1	353	0
2	353	0
3	353	0
4	353	0
5	353	0
6	353	0
7	353	0
0	354	0
1	354	0
2	354	1
3	354	1
4	354	0
5	354	1
6	354	0
7	354	0
0	355	1
1	355	1
2	355	0
3	355	0
4	355	0
5	355	0
6	355	1
7	355	0
0	356	0
1	356	0
2	356	0
3	356	1
4	356	0
5	356	0
6	356	1
7	356	0
0	357	0
1	357	1
2	357	1
3	357	0
4	357	1
5	357	1
6	357	1
7	357	1
0	358	1
1	358	0
2	358	0
3	358	1
4	358	0
5	358	0
6	358	0
7	358	0
0	359	0
1	359	0
2	359	0
3	359	0
4	359	0
5	359	1
6	359	1
7	359	1
0	360	0
1	360	0
2	360	0
3	360	0
4	360	0
5	360	1
6	360	0
7	360	1
0	361	0
1	361	0
2	361	1
3	361	0
4	361	0
5	361	1
6	361	0
7	361	1
0	362	1
1	362	1
2	362	0
3	362	0
4	362	0
5	362	0
6	362	0
7	362	0
0	363	1
1	363	0
2	363	1
3	363	0
4	363	0
5	363	0
6	363	0
7	363	0
0	364	0
1	364	0
2	364	1
3	364	0
4	364	1
5	364	0
6	364	0
7	364	1
0	365	0
1	365	1
2	365	0
3	365	0
4	365	1
5	365	0
6	365	1
7	365	1
0	366	1
1	366	1
2	366	0
3	366	1
4	366	1
5	366	0
6	366	1
7	366	0
0	367	1
1	367	0
2	367	0
3	367	1
4	367	0
5	367	0
6	367	0
7	367	0
0	368	1
1	368	1
2	368	1
3	368	1
4	368	0
5	368	1
6	368	1
7	368	1
0	369	0
1	369	0
2	369	0
3	369	0
4	369	1
5	369	0
6	369	0
7	369	1
0	370	0
1	370	0
2	370	1
3	370	0
4	370	1
5	370	1
6	370	0
7	370	0
0	371	0
1	371	0
2	371	0
3	371	0
4	371	0
5	371	0
6	371	1
7	371	0
0	372	0
1	372	1
2	372	1
3	372	1
4	372	1
5	372	0
6	372	0
7	372	0
0	373	1
1	373	0
2	373	1
3	373	1
4	373	1
5	373	1
6	373	0
7	373	0
0	374	0
1	374	1
2	374	1
3	374	1
4	374	0
5	374	0
6	374	1
7	374	0
0	375	1
1	375	1
2	375	1
3	375	0
4	375	1
5	375	0
6	375	0
7	375	0
0	376	1
1	376	1
2	376	0
3	376	1
4	376	1
5	376	0
6	376	1
7	376	0
0	377	0
1	377	0
2	377	0
3	377	0
4	377	1
5	377	1
6	377	0
7	377	0
0	378	0
1	378	1
2	378	0
3	378	0
4	378	0
5	378	1
6	378	0
7	378	0
0	379	0
1	379	1
2	379	0
3	379	0
4	379	0
5	379	0
6	379	1
7	379	0
0	380	0
1	380	1
2	380	0
3	380	1
4	380	0
5	380	0
6	380	0
7	380	1
0	381	1
1	381	0
2	381	0
3	381	0
4	381	0
5	381	1
6	381	1
7	381	0
0	382	0
1	382	0
2	382	1
3	382	0
4	382	1
5	382	1
6	382	1
7	382	0
0	383	1
1	383	0
2	383	1
3	383	0
4	383	0
5	383	0
6	383	1
7	383	1
0	384	0
1	384	0
2	384	1
3	384	0
4	384	0
5	384	0
6	384	0
7	384	0
0	385	0
1	385	0
2	385	0
3	385	0
4	385	1
5	385	0
6	385	1
7	385	0
0	386	0
1	386	1
2	386	1
3	386	1
4	386	0
5	386	1
6	386	1
7	386	0
0	387	0
1	387	1
2	387	0
3	387	0
4	387	1
5	387	1
6	387	0
7	387	0
0	388	1
1	388	0
2	388	0
3	388	1
4	388	1
5	388	0
6	388	0
7	388	0
0	389	0
1	389	1
2	389	1
3	389	0
4	389	1
5	389	1
6	389	1
7	389	0
0	390	1
1	390	1
2	390	1
3	390	0
4	390	0
5	390	1
6	390	1
7	390	0
0	391	0
1	391	0
2	391	0
3	391	0
4	391	0
5	391	1
6	391	0
7	391	0
0	392	1
1	392	0
2	392	0
3	392	1
4	392	1
5	392	0
6	392	0
7	392	1
0	393	1
1	393	1
2	393	1
3	393	1
4	393	0
5	393	1
6	393	0
7	393	1
0	394	0
1	394	0
2	394	0
3	394	0
4	394	1
5	394	0
6	394	1
7	394	1
0	395	0
1	395	0
2	395	0
3	395	0
4	395	0
5	395	1
6	395	0
7	395	1
0	396	0
1	396	0
2	396	0
3	396	0
4	396	1
5	396	1
6	396	0
7	396	0
0	397	0
1	397	0
2	397	0
3	397	0
4	397	0
5	397	1
6	397	1
7	397	1
0	398	0
1	398	0
2	398	1
3	398	0
4	398	0
5	398	1
6	398	0
7	398	1
0	399	1
1	399	0
2	399	1
3	399	1
4	399	1
5	399	1
6	399	1
7	399	0
0	400	0
1	400	1
2	400	0
3	400	0
4	400	1
5	400	0
6	400	0
7	400	0
0	401	0
1	401	1
2	401	0
3	401	0
4	401	0
5	401	1
6	401	0
7	401	0
0	402	0
1	402	0
2	402	0
3	402	0
4	402	0
5	402	0
6	402	1
7	402	1
0	403	0
1	403	0
2	403	1
3	403	0
4	403	0
5	403	0
6	403	0
7	403	1
0	404	1
1	404	0
2	404	1
3	404	0
4	404	0
5	404	0
6	404	0
7	404	1
0	405	0
1	405	0
2	405	1
3	405	1
4	405	0
5	405	1
6	405	0
7	405	0
0	406	0
1	406	0
2	406	0
3	406	0
4	406	0
5	406	0
6	406	0
7	406	1
0	407	0
1	407	1
2	407	1
3	407	0
4	407	0
5	407	0
6	407	1
7	407	1
0	408	0
1	408	0
2	408	1
3	408	1
4	408	1
5	408	1
6	408	0
7	408	0
0	409	0
1	409	0
2	409	1
3	409	1
4	409	0
5	409	0
6	409	1
7	409	0
0	410	0
1	410	0
2	410	1
3	410	0
4	410	1
5	410	0
6	410	0
7	410	1
0	411	0
1	411	0
2	411	0
3	411	0
4	411	0
5	411	1
6	411	1
7	411	0
0	412	0
1	412	1
2	412	1
3	412	0
4	412	0
5	412	0
6	412	0
7	412	0
0	413	0
1	413	0
2	413	1
3	413	0
4	413	1
5	413	1
6	413	1
7	413	0
0	414	1
1	414	0
2	414	0
3	414	1
4	414	0
5	414	1
6	414	0
7	414	0
0	415	0
1	415	1
2	415	0
3	415	0
4	415	0
5	415	0
6	415	0
7	415	0
0	416	0
1	416	0
2	416	1
3	416	0
4	416	0
5	416	1
6	416	0
7	416	0
0	417	1
1	417	0
2	417	1
3	417	1
4	417	0
5	417	0
6	417	1
7	417	1
0	418	1
1	418	1
2	418	1
3	418	0
4	418	0
5	418	1
6	418	1
7	418	1
0	419	0
1	419	0
2	419	1
3	419	1
4	419	1
5	419	1
6	419	0
7	419	0
0	420	0
1	420	1
2	420	1
3	420	1
4	420	1
5	420	0
6	420	1
7	420	1
0	421	1
1	421	0
2	421	1
3	421	0
4	421	1
5	421	0
6	421	1
7	421	0
0	422	1
1	422	0
2	422	1
3	422	1
4	422	0
5	422	1
6	422	0
7	422	0
0	423	1
1	423	1
2	423	0
3	423	1
4	423	1
5	423	0
6	423	1
7	423	1
0	424	0
1	424	1
2	424	1
3	424	0
4	424	0
5	424	1
6	424	0
7	424	0
0	425	0
1	425	0
2	425	1
3	425	1
4	425	0
5	425	1
6	425	0
7	425	1
0	426	1
1	426	0
2	426	0
3	426	0
4	426	0
5	426	1
6	426	0
7	426	0
0	427	1
1	427	1
2	427	1
3	427	0
4	427	0
5	427	1
6	427	0
7	427	0
0	428	0
1	428	1
2	428	0
3	428	1
4	428	0
5	428	1
6	428	0
7	428	0
0	429	1
1	429	0
2	429	1
3	429	1
4	429	0
5	429	1
6	429	0
7	429	1
0	430	0
1	430	0
2	430	0
3	430	1
4	430	1
5	430	1
6	430	0
7	430	0
0	431	1
1	431	0
2	431	1
3	431	0
4	431	1
5	431	1
6	431	0
7	431	0
0	432	0
1	432	0
2	432	1
3	432	0
4	432	0
5	432	0
6	432	1
7	432	0
0	433	0
1	433	0
2	433	0
3	433	0
4	433	0
5	433	1
6	433	1
7	433	0
0	434	0
1	434	0
2	434	1
3	434	0
4	434	0
5	434	0
6	434	0
7	434	0
0	435	1
1	435	0
2	435	1
3	435	1
4	435	0
5	435	1
6	435	1
7	435	1
0	436	0
1	436	1
2	436	0
3	436	0
4	436	0
5	436	1
6	436	1
7	436	0
0	437	1
1	437	1
2	437	1
3	437	0
4	437	0
5	437	1
6	437	0
7	437	0
0	438	0
1	438	1
2	438	0
3	438	1
4	438	0
5	438	0
6	438	0
7	438	0
0	439	0
1	439	1
2	439	0
3	439	0
4	439	0
5	439	0
6	439	0
7	439	1
0	440	0
1	440	0
2	440	0
3	440	0
4	440	0
5	440	1
6	440	0
7	440	0
0	441	0
1	441	1
2	441	1
3	441	0
4	441	1
5	441	1
6	441	1
7	441	0
0	442	1
1	442	1
2	442	0
3	442	0
4	442	1
5	442	0
6	442	1
7	442	0
0	443	1
1	443	1
2	443	0
3	443	0
4	443	1
5	443	0
6	443	0
7	443	0
0	444	0
1	444	1
2	444	0
3	444	0
4	444	1
5	444	0
6	444	1
7	444	0
0	445	1
1	445	0
2	445	1
3	445	1
4	445	1
5	445	1
6	445	1
7	445	0
0	446	1
1	446	0
2	446	1
3	446	0
4	446	0
5	446	1
6	446	1
7	446	1
0	447	0
1	447	1
2	447	1
3	447	1
4	447	1
5	447	0
6	447	0
7	447	0
0	448	0
1	448	0
2	448	1
3	448	0
4	448	1
5	448	1
6	448	1
7	448	0
0	449	1
1	449	0
2	449	1
3	449	0
4	449	1
5	449	0
6	449	1
7	449	1
0	450	1
1	450	0
2	450	0
3	450	0
4	450	1
5	450	1
6	450	1
7	450	0
0	451	0
1	451	0
2	451	0
3	451	1
4	451	1
5	451	1
6	451	0
7	451	0
0	452	1
1	452	0
2	452	1
3	452	1
4	452	0
5	452	1
6	452	1
7	452	0
0	453	0
1	453	0
2	453	0
3	453	1
4	453	1
5	453	0
6	453	0
7	453	1
0	454	1
1	454	1
2	454	1
3	454	1
4	454	0
5	454	1
6	454	1
7	454	1
0	455	0
1	455	0
2	455	0
3	455	1
4	455	0
5	455	1
6	455	0
7	455	0
0	456	0
1	456	1
2	456	0
3	456	0
4	456	0
5	456	1
6	456	1
7	456	1
0	457	0
1	457	0
2	457	0
3	457	1
4	457	0
5	457	1
6	457	0
7	457	1
0	458	0
1	458	1
2	458	0
3	458	0
4	458	0
5	458	1
6	458	0
7	458	0
0	459	1
1	459	0
2	459	1
3	459	0
4	459	0
5	459	1
6	459	0
7	459	0
0	460	1
1	460	1
2	460	0
3	460	0
4	460	1
5	460	0
6	460	0
7	460	0
0	461	0
1	461	0
2	461	1
3	461	0
4	461	1
5	461	1
6	461	0
7	461	1
0	462	0
1	462	1
2	462	0
3	462	0
4	462	1
5	462	1
6	462	1
7	462	0
0	463	0
1	463	1
2	463	1
3	463	0
4	463	1
5	463	0
6	463	0
7	463	0
0	464	0
1	464	0
2	464	0
3	464	0
4	464	0
5	464	0
6	464	1
7	464	0
0	465	1
1	465	1
2	465	0
3	465	0
4	465	0
5	465	0
6	465	0
7	465	0
0	466	0
1	466	0
2	466	0
3	466	0
4	466	0
5	466	0
6	466	1
7	466	0
0	467	0
1	467	0
2	467	0
3	467	0
4	467	0
5	467	1
6	467	0
7	467	0
0	468	0
1	468	0
2	468	1
3	468	1
4	468	1
5	468	0
6	468	0
7	468	1
0	469	1
1	469	0
2	469	0
3	469	0
4	469	1
5	469	0
6	469	0
7	469	1
0	470	0
1	470	0
2	470	0
3	470	1
4	470	1
5	470	1
6	470	0
7	470	0
0	471	1
1	471	0
2	471	0
3	471	0
4	471	0
5	471	1
6	471	0
7	471	0
0	472	0
1	472	1
2	472	0
3	472	1
4	472	1
5	472	0
6	472	0
7	472	0
0	473	0
1	473	0
2	473	1
3	473	1
4	473	1
5	473	0
6	473	0
7	473	1
0	474	0
1	474	0
2	474	0
3	474	0
4	474	0
5	474	0
6	474	0
7	474	0
0	475	1
1	475	0
2	475	0
3	475	1
4	475	1
5	475	0
6	475	0
7	475	0
0	476	1
1	476	1
2	476	0
3	476	0
4	476	1
5	476	1
6	476	1
7	476	1
0	477	0
1	477	0
2	477	1
3	477	1
4	477	0
5	477	1
6	477	0
7	477	0
0	478	1
1	478	1
2	478	0
3	478	0
4	478	1
5	478	1
6	478	0
7	478	0
0	479	1
1	479	1
2	479	0
3	479	1
4	479	0
5	479	0
6	479	1
7	479	0
0	480	0
1	480	0
2	480	1
3	480	0
4	480	0
5	480	1
6	480	0
7	480	0
0	481	0
1	481	0
2	481	1
3	481	0
4	481	0
5	481	0
6	481	0
7	481	1
0	482	0
1	482	1
2	482	0
3	482	0
4	482	0
5	482	0
6	482	0
7	482	1
0	483	0
1	483	0
2	483	0
3	483	1
4	483	0
5	483	0
6	483	1
7	483	0
0	484	1
1	484	1
2	484	0
3	484	0
4	484	1
5	484	1
6	484	0
7	484	0
0	485	0
1	485	0
2	485	1
3	485	1
4	485	0
5	485	1
6	485	1
7	485	0
0	486	0
1	486	0
2	486	1
3	486	1
4	486	1
5	486	1
6	486	0
7	486	0
0	487	1
1	487	1
2	487	0
3	487	1
4	487	0
5	487	0
6	487	0
7	487	0
0	488	1
1	488	1
2	488	1
3	488	0
4	488	1
5	488	1
6	488	0
7	488	1
0	489	1
1	489	1
2	489	0
3	489	0
4	489	0
5	489	0
6	489	0
7	489	0
0	490	0
1	490	1
2	490	0
3	490	0
4	490	0
5	490	0
6	490	1
7	490	0
0	491	0
1	491	0
2	491	1
3	491	0
4	491	0
5	491	0
6	491	1
7	491	0
0	492	0
1	492	0
2	492	0
3	492	1
4	492	0
5	492	1
6	492	1
7	492	1
0	493	0
1	493	0
2	493	1
3	493	1
4	493	1
5	493	1
6	493	1
7	493	0
0	494	0
1	494	0
2	494	1
3	494	1
4	494	1
5	494	1
6	494	0
7	494	1
0	495	0
1	495	0
2	495	0
3	495	1
4	495	0
5	495	0
6	495	0
7	495	0
0	496	0
1	496	0
2	496	1
3	496	0
4	496	0
5	496	0
6	496	1
7	496	1
0	497	1
1	497	1
2	497	1
3	497	0
4	497	0
5	497	0
6	497	0
7	497	0
0	498	0
1	498	0
2	498	1
3	498	0
4	498	0
5	498	0
6	498	0
7	498	0
0	499	0
1	499	1
2	499	0
3	499	0
4	499	1
5	499	1
6	499	1
7	499	1
0	500	0
1	500	0
2	500	0
3	500	0
4	500	1
5	500	0
6	500	0
7	500	0
0	501	0
1	501	0
2	501	1
3	501	1
4	501	0
5	501	1
6	501	0
7	501	0
0	502	0
1	502	1
2	502	1
3	502	0
4	502	0
5	502	1
6	502	1
7	502	1
0	503	1
1	503	0
2	503	1
3	503	1
4	503	0
5	503	0
6	503	0
7	503	0
0	504	1
1	504	0
2	504	1
3	504	1
4	504	1
5	504	0
6	504	0
7	504	1
0	505	0
1	505	1
2	505	0
3	505	1
4	505	1
5	505	0
6	505	1
7	505	0
0	506	1
1	506	0
2	506	1
3	506	0
4	506	0
5	506	1
6	506	1
7	506	0
0	507	0
1	507	0
2	507	0
3	507	0
4	507	0
5	507	0
6	507	1
7	507	1
0	508	0
1	508	0
2	508	1
3	508	0
4	508	1
5	508	0
6	508	1
7	508	0
0	509	0
1	509	0
2	509	0
3	509	0
4	509	0
5	509	0
6	509	0
7	509	0
0	510	0
1	510	0
2	510	0
3	510	1
4	510	1
5	510	1
6	510	0
7	510	0
0	511	0
1	511	1
2	511	1
3	511	0
4	511	1
5	511	0
6	511	1
7	511	0
0	512	0
1	512	1
2	512	0
3	512	0
4	512	1
5	512	1
6	512	1
7	512	0
0	513	1
1	513	0
2	513	0
3	513	1
4	513	1
5	513	0
6	513	1
7	513	0
0	514	0
1	514	1
2	514	0
3	514	0
4	514	0
5	514	1
6	514	1
7	514	0
0	515	0
1	515	0
2	515	1
3	515	0
4	515	0
5	515	1
6	515	1
7	515	0
0	516	0
1	516	0
2	516	1
3	516	0
4	516	0
5	516	1
6	516	1
7	516	0
0	517	0
1	517	1
2	517	0
3	517	1
4	517	0
5	517	0
6	517	0
7	517	0
0	518	0
1	518	0
2	518	0
3	518	0
4	518	1
5	518	1
6	518	1
7	518	0
0	519	0
1	519	0
2	519	0
3	519	0
4	519	1
5	519	1
6	519	0
7	519	0
0	520	0
1	520	1
2	520	0
3	520	0
4	520	1
5	520	0
6	520	0
7	520	0
0	521	0
1	521	0
2	521	0
3	521	0
4	521	0
5	521	0
6	521	1
7	521	0
0	522	1
1	522	0
2	522	1
3	522	1
4	522	0
5	522	0
6	522	1
7	522	0
0	523	0
1	523	1
2	523	0
3	523	0
4	523	0
5	523	0
6	523	0
7	523	0
0	524	1
1	524	0
2	524	1
3	524	0
4	524	0
5	524	0
6	524	1
7	524	1
0	525	1
1	525	0
2	525	0
3	525	1
4	525	1
5	525	1
6	525	1
7	525	0
0	526	0
1	526	1
2	526	0
3	526	0
4	526	0
5	526	0
6	526	1
7	526	0
0	527	0
1	527	0
2	527	1
3	527	0
4	527	1
5	527	0
6	527	0
7	527	0
0	528	0
1	528	0
2	528	1
3	528	0
4	528	0
5	528	0
6	528	0
7	528	0
0	529	0
1	529	0
2	529	0
3	529	1
4	529	0
5	529	0
6	529	0
7	529	0
0	530	1
1	530	0
2	530	1
3	530	1
4	530	1
5	530	1
6	530	1
7	530	0
0	531	0
1	531	1
2	531	1
3	531	1
4	531	0
5	531	0
6	531	0
7	531	0
0	532	0
1	532	0
2	532	0
3	532	0
4	532	1
5	532	1
6	532	0
7	532	0
0	533	0
1	533	0
2	533	0
3	533	0
4	533	1
5	533	0
6	533	0
7	533	1
0	534	0
1	534	0
2	534	0
3	534	0
4	534	0
5	534	0
6	534	0
7	534	0
0	535	0
1	535	0
2	535	0
3	535	1
4	535	1
5	535	0
6	535	0
7	535	1
0	536	0
1	536	1
2	536	0
3	536	0
4	536	0
5	536	0
6	536	0
7	536	1
0	537	1
1	537	0
2	537	1
3	537	1
4	537	0
5	537	0
6	537	0
7	537	0
0	538	1
1	538	0
2	538	0
3	538	1
4	538	0
5	538	1
6	538	0
7	538	0
0	539	1
1	539	0
2	539	1
3	539	0
4	539	0
5	539	1
6	539	0
7	539	0
0	540	0
1	540	0
2	540	0
3	540	1
4	540	1
5	540	1
6	540	0
7	540	1
0	541	0
1	541	0
2	541	0
3	541	1
4	541	0
5	541	1
6	541	1
7	541	1
0	542	1
1	542	0
2	542	0
3	542	1
4	542	0
5	542	1
6	542	1
7	542	1
0	543	1
1	543	1
2	543	1
3	543	1
4	543	0
5	543	0
6	543	1
7	543	0
0	544	0
1	544	0
2	544	1
3	544	0
4	544	1
5	544	0
6	544	1
7	544	1
0	545	0
1	545	1
2	545	1
3	545	0
4	545	0
5	545	0
6	545	0
7	545	1
0	546	0
1	546	0
2	546	1
3	546	1
4	546	1
5	546	0
6	546	0
7	546	0
0	547	1
1	547	1
2	547	0
3	547	0
4	547	1
5	547	0
6	547	1
7	547	0
0	548	0
1	548	1
2	548	1
3	548	1
4	548	0
5	548	0
6	548	0
7	548	0
0	549	0
1	549	0
2	549	1
3	549	0
4	549	0
5	549	1
6	549	1
7	549	0
0	550	0
1	550	0
2	550	1
3	550	0
4	550	0
5	550	0
6	550	0
7	550	0
0	551	1
1	551	0
2	551	0
3	551	1
4	551	1
5	551	0
6	551	0
7	551	1
0	552	0
1	552	0
2	552	1
3	552	0
4	552	0
5	552	0
6	552	0
7	552	1
0	553	0
1	553	0
2	553	0
3	553	0
4	553	0
5	553	0
6	553	0
7	553	0
0	554	1
1	554	0
2	554	0
3	554	1
4	554	0
5	554	0
6	554	0
7	554	0
0	555	0
1	555	0
2	555	1
3	555	1
4	555	1
5	555	1
6	555	1
7	555	0
0	556	0
1	556	0
2	556	0
3	556	1
4	556	0
5	556	0
6	556	0
7	556	1
0	557	1
1	557	0
2	557	0
3	557	0
4	557	0
5	557	1
6	557	1
7	557	1
0	558	1
1	558	0
2	558	0
3	558	1
4	558	0
5	558	0
6	558	1
7	558	0
0	559	0
1	559	1
2	559	1
3	559	1
4	559	1
5	559	0
6	559	1
7	559	1
0	560	1
1	560	1
2	560	1
3	560	1
4	560	0
5	560	0
6	560	1
7	560	0
0	561	1
1	561	0
2	561	0
3	561	0
4	561	0
5	561	1
6	561	0
7	561	0
0	562	0
1	562	0
2	562	1
3	562	0
4	562	1
5	562	1
6	562	1
7	562	1
0	563	1
1	563	0
2	563	1
3	563	1
4	563	0
5	563	0
6	563	0
7	563	1
0	564	1
1	564	1
2	564	1
3	564	0
4	564	0
5	564	1
6	564	1
7	564	0
0	565	1
1	565	0
2	565	1
3	565	0
4	565	1
5	565	1
6	565	1
7	565	1
0	566	1
1	566	1
2	566	1
3	566	1
4	566	0
5	566	1
6	566	1
7	566	0
0	567	0
1	567	1
2	567	0
3	567	1
4	567	0
5	567	0
6	567	0
7	567	0
0	568	0
1	568	1
2	568	1
3	568	1
4	568	1
5	568	0
6	568	1
7	568	0
0	569	0
1	569	0
2	569	1
3	569	0
4	569	0
5	569	0
6	569	1
7	569	0
0	570	0
1	570	0
2	570	0
3	570	0
4	570	0
5	570	0
6	570	0
7	570	1
0	571	0
1	571	1
2	571	1
3	571	0
4	571	1
5	571	0
6	571	0
7	571	0
0	572	0
1	572	1
2	572	0
3	572	0
4	572	1
5	572	0
6	572	0
7	572	0
0	573	0
1	573	1
2	573	1
3	573	0
4	573	1
5	573	0
6	573	0
7	573	0
0	574	0
1	574	1
2	574	0
3	574	1
4	574	1
5	574	1
6	574	0
7	574	1
0	575	1
1	575	0
2	575	1
3	575	1
4	575	1
5	575	0
6	575	0
7	575	1
0	576	0
1	576	0
2	576	1
3	576	0
4	576	1
5	576	0
6	576	0
7	576	0
0	577	0
1	577	1
2	577	1
3	577	1
4	577	0
5	577	0
6	577	0
7	577	0
0	578	0
1	578	1
2	578	0
3	578	0
4	578	1
5	578	0
6	578	0
7	578	1
0	579	1
1	579	0
2	579	0
3	579	0
4	579	0
5	579	0
6	579	1
7	579	0
0	580	0
1	580	1
2	580	1
3	580	1
4	580	0
5	580	0
6	580	1
7	580	0
0	581	1
1	581	1
2	581	1
3	581	1
4	581	0
5	581	1
6	581	0
7	581	0
0	582	0
1	582	1
2	582	0
3	582	1
4	582	0
5	582	0
6	582	0
7	582	0
0	583	0
1	583	0
2	583	1
3	583	1
4	583	0
5	583	1
6	583	1
7	583	0
0	584	1
1	584	0
2	584	1
3	584	0
4	584	0
5	584	0
6	584	0
7	584	0
0	585	0
1	585	0
2	585	0
3	585	1
4	585	0
5	585	0
6	585	0
7	585	1
0	586	0
1	586	1
2	586	1
3	586	0
4	586	0
5	586	1
6	586	0
7	586	0
0	587	0
1	587	0
2	587	1
3	587	0
4	587	1
5	587	0
6	587	1
7	587	1
0	588	0
1	588	0
2	588	0
3	588	1
4	588	0
5	588	1
6	588	0
7	588	0
0	589	0
1	589	0
2	589	0
3	589	0
4	589	1
5	589	1
6	589	1
7	589	0
0	590	0
1	590	0
2	590	1
3	590	0
4	590	1
5	590	1
6	590	0
7	590	1
0	591	0
1	591	0
2	591	0
3	591	0
4	591	1
5	591	1
6	591	0
7	591	0
0	592	0
1	592	1
2	592	0
3	592	1
4	592	0
5	592	0
6	592	1
7	592	0
0	593	1
1	593	0
2	593	0
3	593	1
4	593	1
5	593	1
6	593	0
7	593	0
0	594	0
1	594	0
2	594	1
3	594	1
4	594	0
5	594	1
6	594	0
7	594	0
0	595	0
1	595	0
2	595	1
3	595	0
4	595	0
5	595	0
6	595	0
7	595	0
0	596	1
1	596	1
2	596	0
3	596	1
4	596	0
5	596	0
6	596	0
7	596	0
0	597	0
1	597	1
2	597	1
3	597	0
4	597	1
5	597	1
6	597	0
7	597	0
0	598	0
1	598	1
2	598	0
3	598	0
4	598	0
5	598	1
6	598	0
7	598	0
0	599	0
1	599	1
2	599	1
3	599	1
4	599	0
5	599	1
6	599	0
7	599	0
0	600	0
1	600	1
2	600	0
3	600	0
4	600	1
5	600	1
6	600	0
7	600	0
0	601	0
1	601	0
2	601	1
3	601	0
4	601	1
5	601	1
6	601	1
7	601	0
0	602	0
1	602	0
2	602	0
3	602	0
4	602	0
5	602	1
6	602	1
7	602	0
0	603	1
1	603	0
2	603	1
3	603	1
4	603	1
5	603	0
6	603	0
7	603	0
0	604	0
1	604	1
2	604	1
3	604	0
4	604	1
5	604	0
6	604	0
7	604	1
0	605	0
1	605	0
2	605	0
3	605	0
4	605	0
5	605	0
6	605	0
7	605	1
0	606	0
1	606	0
2	606	1
3	606	1
4	606	0
5	606	1
6	606	1
7	606	0
0	607	0
1	607	0
2	607	1
3	607	1
4	607	1
5	607	0
6	607	0
7	607	1
0	608	0
1	608	0
2	608	0
3	608	0
4	608	1
5	608	0
6	608	0
7	608	0
0	609	1
1	609	0
2	609	1
3	609	0
4	609	1
5	609	1
6	609	0
7	609	1
0	610	0
1	610	0
2	610	0
3	610	1
4	610	1
5	610	0
6	610	0
7	610	0
0	611	1
1	611	0
2	611	0
3	611	1
4	611	0
5	611	0
6	611	0
7	611	1
0	612	0
1	612	0
2	612	0
3	612	0
4	612	1
5	612	0
6	612	0
7	612	1
0	613	0
1	613	0
2	613	0
3	613	0
4	613	0
5	613	0
6	613	0
7	613	0
0	614	1
1	614	1
2	614	0
3	614	0
4	614	1
5	614	1
6	614	0
7	614	0
0	615	0
1	615	1
2	615	0
3	615	0
4	615	1
5	615	1
6	615	1
7	615	1
0	616	1
1	616	0
2	616	0
3	616	1
4	616	0
5	616	1
6	616	1
7	616	1
0	617	1
1	617	0
2	617	0
3	617	1
4	617	1
5	617	0
6	617	1
7	617	0
0	618	0
1	618	0
2	618	0
3	618	0
4	618	0
5	618	0
6	618	0
7	618	1
0	619	0
1	619	0
2	619	1
3	619	0
4	619	1
5	619	1
6	619	1
7	619	1
0	620	0
1	620	0
2	620	0
3	620	0
4	620	0
5	620	0
6	620	0
7	620	0
0	621	0
1	621	0
2	621	0
3	621	0
4	621	1
5	621	0
6	621	0
7	621	1
0	622	0
1	622	0
2	622	1
3	622	0
4	622	0
5	622	1
6	622	1
7	622	1
0	623	0
1	623	0
2	623	0
3	623	0
4	623	1
5	623	1
6	623	0
7	623	0
0	624	1
1	624	0
2	624	1
3	624	1
4	624	1
5	624	1
6	624	0
7	624	0
0	625	0
1	625	0
2	625	1
3	625	0
4	625	0
5	625	0
6	625	1
7	625	0
0	626	1
1	626	0
2	626	0
3	626	1
4	626	0
5	626	0
6	626	1
7	626	1
0	627	0
1	627	0
2	627	0
3	627	0
4	627	1
5	627	0
6	627	1
7	627	0
0	628	1
1	628	0
2	628	0
3	628	0
4	628	0
5	628	0
6	628	1
7	628	1
0	629	0
1	629	1
2	629	0
3	629	0
4	629	0
5	629	1
6	629	1
7	629	0
0	630	1
1	630	1
2	630	0
3	630	0
4	630	0
5	630	1
6	630	0
7	630	0
0	631	1
1	631	1
2	631	1
3	631	0
4	631	0
5	631	0
6	631	0
7	631	0
0	632	0
1	632	0
2	632	0
3	632	0
4	632	0
5	632	0
6	632	1
7	632	1
0	633	0
1	633	0
2	633	0
3	633	0
4	633	0
5	633	1
6	633	1
7	633	0
0	634	0
1	634	1
2	634	0
3	634	0
4	634	0
5	634	0
6	634	0
7	634	1
0	635	0
1	635	0
2	635	1
3	635	1
4	635	1
5	635	0
6	635	1
7	635	0
0	636	0
1	636	0
2	636	1
3	636	0
4	636	1
5	636	1
6	636	1
7	636	0
0	637	1
1	637	0
2	637	0
3	637	0
4	637	0
5	637	0
6	637	1
7	637	0
0	638	0
1	638	1
2	638	1
3	638	0
4	638	0
5	638	1
6	638	0
7	638	0
0	639	1
1	639	1
2	639	0
3	639	0
4	639	1
5	639	0
6	639	1
7	639	0
0	640	0
1	640	0
2	640	1
3	640	0
4	640	1
5	640	0
6	640	1
7	640	0
0	641	1
1	641	0
2	641	1
3	641	0
4	641	0
5	641	1
6	641	0
7	641	1
0	642	0
1	642	0
2	642	0
3	642	1
4	642	0
5	642	1
6	642	0
7	642	0
0	643	0
1	643	1
2	643	1
3	643	0
4	643	0
5	643	1
6	643	0
7	643	0
0	644	0
1	644	1
2	644	1
3	644	0
4	644	0
5	644	0
6	644	0
7	644	1
0	645	1
1	645	0
2	645	1
3	645	0
4	645	1
5	645	1
6	645	0
7	645	0
0	646	0
1	646	0
2	646	1
3	646	0
4	646	0
5	646	1
6	646	0
7	646	0
0	647	0
1	647	1
2	647	0
3	647	0
4	647	0
5	647	1
6	647	0
7	647	0
0	648	1
1	648	0
2	648	0
3	648	0
4	648	1
5	648	0
6	648	1
7	648	0
0	649	1
1	649	0
2	649	0
3	649	0
4	649	1
5	649	0
6	649	0
7	649	0
0	650	0
1	650	1
2	650	1
3	650	0
4	650	0
5	650	0
6	650	0
7	650	0
0	651	1
1	651	0
2	651	1
3	651	0
4	651	0
5	651	1
6	651	1
7	651	0
0	652	0
1	652	0
2	652	1
3	652	1
4	652	1
5	652	1
6	652	0
7	652	0
0	653	1
1	653	0
2	653	0
3	653	1
4	653	1
5	653	1
6	653	1
7	653	1
0	654	0
1	654	0
2	654	0
3	654	0
4	654	1
5	654	0
6	654	1
7	654	0
0	655	0
1	655	0
2	655	0
3	655	1
4	655	1
5	655	0
6	655	0
7	655	0
0	656	1
1	656	1
2	656	0
3	656	1
4	656	0
5	656	0
6	656	0
7	656	1
0	657	1
1	657	0
2	657	0
3	657	1
4	657	0
5	657	0
6	657	1
7	657	0
0	658	0
1	658	0
2	658	0
3	658	1
4	658	0
5	658	0
6	658	1
7	658	0
0	659	0
1	659	0
2	659	0
3	659	0
4	659	1
5	659	0
6	659	0
7	659	1
0	660	0
1	660	0
2	660	1
3	660	1
4	660	0
5	660	1
6	660	0
7	660	0
0	661	0
1	661	1
2	661	1
3	661	0
4	661	1
5	661	0
6	661	1
7	661	0
0	662	0
1	662	1
2	662	0
3	662	1
4	662	0
5	662	0
6	662	0
7	662	0
0	663	1
1	663	0
2	663	1
3	663	0
4	663	1
5	663	0
6	663	0
7	663	1
0	664	0
1	664	0
2	664	1
3	664	0
4	664	0
5	664	0
6	664	0
7	664	1
0	665	1
1	665	0
2	665	0
3	665	0
4	665	0
5	665	0
6	665	1
7	665	0
0	666	0
1	666	0
2	666	0
3	666	1
4	666	1
5	666	0
6	666	0
7	666	1
0	667	0
1	667	1
2	667	1
3	667	1
4	667	0
5	667	0
6	667	1
7	667	0
0	668	1
1	668	1
2	668	0
3	668	0
4	668	0
5	668	1
6	668	0
7	668	0
0	669	1
1	669	0
2	669	0
3	669	1
4	669	0
5	669	1
6	669	0
7	669	0
0	670	0
1	670	0
2	670	1
3	670	1
4	670	0
5	670	0
6	670	1
7	670	0
0	671	1
1	671	0
2	671	1
3	671	0
4	671	0
5	671	1
6	671	0
7	671	1
0	672	1
1	672	0
2	672	1
3	672	0
4	672	0
5	672	1
6	672	1
7	672	0
0	673	0
1	673	0
2	673	1
3	673	0
4	673	1
5	673	1
6	673	0
7	673	1
0	674	0
1	674	0
2	674	1
3	674	0
4	674	1
5	674	0
6	674	1
7	674	0
0	675	0
1	675	1
2	675	1
3	675	0
4	675	1
5	675	0
6	675	0
7	675	1
0	676	1
1	676	0
2	676	0
3	676	0
4	676	0
5	676	1
6	676	0
7	676	1
0	677	0
1	677	0
2	677	0
3	677	0
4	677	0
5	677	1
6	677	0
7	677	0
0	678	0
1	678	0
2	678	0
3	678	1
4	678	1
5	678	1
6	678	0
7	678	1
0	679	0
1	679	0
2	679	0
3	679	1
4	679	0
5	679	0
6	679	1
7	679	0
0	680	0
1	680	0
2	680	0
3	680	0
4	680	1
5	680	0
6	680	1
7	680	1
0	681	0
1	681	1
2	681	0
3	681	0
4	681	0
5	681	1
6	681	0
7	681	1
0	682	0
1	682	0
2	682	0
3	682	0
4	682	0
5	682	1
6	682	1
7	682	0
0	683	0
1	683	0
2	683	0
3	683	0
4	683	1
5	683	0
6	683	1
7	683	0
0	684	1
1	684	0
2	684	1
3	684	0
4	684	0
5	684	1
6	684	1
7	684	0
0	685	0
1	685	0
2	685	0
3	685	1
4	685	1
5	685	0
6	685	1
7	685	1
0	686	0
1	686	0
2	686	1
3	686	0
4	686	1
5	686	1
6	686	1
7	686	1
0	687	0
1	687	0
2	687	0
3	687	1
4	687	0
5	687	1
6	687	1
7	687	1
0	688	0
1	688	0
2	688	0
3	688	1
4	688	0
5	688	0
6	688	1
7	688	0
0	689	1
1	689	0
2	689	0
3	689	0
4	689	1
5	689	0
6	689	1
7	689	0
0	690	0
1	690	0
2	690	0
3	690	1
4	690	0
5	690	1
6	690	1
7	690	0
0	691	0
1	691	0
2	691	1
3	691	1
4	691	1
5	691	0
6	691	1
7	691	1
0	692	0
1	692	1
2	692	1
3	692	0
4	692	0
5	692	0
6	692	0
7	692	0
0	693	0
1	693	1
2	693	0
3	693	0
4	693	1
5	693	0
6	693	0
7	693	0
0	694	0
1	694	0
2	694	1
3	694	1
4	694	0
5	694	0
6	694	0
7	694	0
0	695	1
1	695	0
2	695	1
3	695	0
4	695	0
5	695	0
6	695	1
7	695	1
0	696	0
1	696	0
2	696	0
3	696	0
4	696	1
5	696	1
6	696	0
7	696	0
0	697	0
1	697	0
2	697	0
3	697	1
4	697	0
5	697	0
6	697	1
7	697	0
0	698	0
1	698	1
2	698	0
3	698	0
4	698	0
5	698	1
6	698	1
7	698	1
0	699	0
1	699	0
2	699	0
3	699	0
4	699	0
5	699	0
6	699	1
7	699	0
0	700	0
1	700	0
2	700	0
3	700	0
4	700	0
5	700	0
6	700	1
7	700	0
0	701	0
1	701	1
2	701	1
3	701	1
4	701	0
5	701	1
6	701	1
7	701	0
0	702	0
1	702	0
2	702	1
3	702	0
4	702	1
5	702	0
6	702	0
7	702	0
0	703	0
1	703	0
2	703	0
3	703	1
4	703	0
5	703	1
6	703	1
7	703	0
0	704	1
1	704	1
2	704	0
3	704	0
4	704	1
5	704	0
6	704	1
7	704	0
0	705	0
1	705	0
2	705	0
3	705	1
4	705	0
5	705	1
6	705	1
7	705	1
0	706	0
1	706	0
2	706	1
3	706	1
4	706	1
5	706	0
6	706	1
7	706	1
0	707	1
1	707	1
2	707	1
3	707	1
4	707	1
5	707	0
6	707	1
7	707	0
0	708	1
1	708	0
2	708	1
3	708	1
4	708	1
5	708	0
6	708	0
7	708	0
0	709	0
1	709	0
2	709	0
3	709	1
4	709	1
5	709	0
6	709	1
7	709	0
0	710	1
1	710	0
2	710	0
3	710	0
4	710	1
5	710	0
6	710	1
7	710	0
0	711	0
1	711	0
2	711	0
3	711	1
4	711	0
5	711	0
6	711	0
7	711	0
0	712	0
1	712	1
2	712	0
3	712	1
4	712	0
5	712	0
6	712	1
7	712	0
0	713	0
1	713	1
2	713	1
3	713	0
4	713	1
5	713	0
6	713	0
7	713	1
0	714	0
1	714	0
2	714	0
3	714	1
4	714	0
5	714	1
6	714	1
7	714	0
0	715	0
1	715	0
2	715	1
3	715	1
4	715	0
5	715	0
6	715	1
7	715	0
0	716	0
1	716	0
2	716	0
3	716	0
4	716	1
5	716	1
6	716	0
7	716	0
0	717	1
1	717	0
2	717	0
3	717	1
4	717	0
5	717	0
6	717	1
7	717	0
0	718	0
1	718	0
2	718	0
3	718	0
4	718	0
5	718	0
6	718	0
7	718	1
0	719	1
1	719	1
2	719	1
3	719	1
4	719	0
5	719	1
6	719	0
7	719	0
0	720	1
1	720	1
2	720	1
3	720	0
4	720	1
5	720	0
6	720	1
7	720	0
0	721	0
1	721	0
2	721	1
3	721	0
4	721	1
5	721	1
6	721	1
7	721	0
0	722	0
1	722	0
2	722	0
3	722	0
4	722	0
5	722	0
6	722	1
7	722	1
0	723	0
1	723	1
2	723	0
3	723	1
4	723	0
5	723	0
6	723	1
7	723	0
0	724	0
1	724	0
2	724	0
3	724	1
4	724	1
5	724	1
6	724	0
7	724	1
0	725	1
1	725	0
2	725	0
3	725	0
4	725	0
5	725	1
6	725	0
7	725	0
0	726	0
1	726	1
2	726	0
3	726	1
4	726	1
5	726	0
6	726	1
7	726	0
0	727	0
1	727	1
2	727	0
3	727	1
4	727	1
5	727	1
6	727	0
7	727	0
0	728	1
1	728	1
2	728	1
3	728	1
4	728	1
5	728	0
6	728	0
7	728	0
0	729	0
1	729	0
2	729	0
3	729	0
4	729	1
5	729	1
6	729	1
7	729	0
0	730	1
1	730	1
2	730	0
3	730	0
4	730	1
5	730	1
6	730	0
7	730	0
0	731	1
1	731	1
2	731	1
3	731	1
4	731	0
5	731	0
6	731	1
7	731	1
0	732	0
1	732	0
2	732	0
3	732	0
4	732	0
5	732	0
6	732	0
7	732	1
0	733	0
1	733	1
2	733	1
3	733	1
4	733	0
5	733	1
6	733	0
7	733	0
0	734	0
1	734	1
2	734	0
3	734	1
4	734	1
5	734	0
6	734	0
7	734	0
0	735	0
1	735	0
2	735	0
3	735	1
4	735	1
5	735	0
6	735	0
7	735	0
0	736	1
1	736	0
2	736	0
3	736	0
4	736	1
5	736	1
6	736	0
7	736	1
0	737	0
1	737	0
2	737	0
3	737	0
4	737	0
5	737	1
6	737	1
7	737	0
0	738	1
1	738	1
2	738	1
3	738	1
4	738	1
5	738	1
6	738	1
7	738	0
0	739	1
1	739	1
2	739	0
3	739	1
4	739	1
5	739	1
6	739	0
7	739	1
0	740	1
1	740	0
2	740	1
3	740	0
4	740	0
5	740	1
6	740	0
7	740	0
0	741	0
1	741	0
2	741	0
3	741	0
4	741	0
5	741	1
6	741	0
7	741	1
0	742	1
1	742	0
2	742	1
3	742	0
4	742	1
5	742	1
6	742	0
7	742	1
0	743	1
1	743	0
2	743	1
3	743	0
4	743	0
5	743	1
6	743	1
7	743	0
0	744	0
1	744	0
2	744	0
3	744	1
4	744	1
5	744	1
6	744	1
7	744	0
0	745	0
1	745	1
2	745	0
3	745	0
4	745	1
5	745	1
6	745	0
7	745	0
0	746	0
1	746	0
2	746	1
3	746	0
4	746	0
5	746	0
6	746	1
7	746	0
0	747	1
1	747	0
2	747	1
3	747	0
4	747	0
5	747	0
6	747	0
7	747	0
0	748	0
1	748	0
2	748	1
3	748	1
4	748	0
5	748	0
6	748	0
7	748	0
0	749	0
1	749	1
2	749	0
3	749	1
4	749	1
5	749	0
6	749	0
7	749	0
0	750	0
1	750	0
2	750	0
3	750	1
4	750	0
5	750	0
6	750	0
7	750	0
0	751	1
1	751	1
2	751	0
3	751	0
4	751	0
5	751	0
6	751	0
7	751	0
0	752	1
1	752	0
2	752	1
3	752	1
4	752	0
5	752	1
6	752	1
7	752	1
0	753	0
1	753	0
2	753	0
3	753	0
4	753	0
5	753	0
6	753	0
7	753	1
0	754	0
1	754	0
2	754	1
3	754	1
4	754	1
5	754	1
6	754	0
7	754	0
0	755	1
1	755	0
2	755	0
3	755	1
4	755	0
5	755	0
6	755	0
7	755	0
0	756	1
1	756	0
2	756	1
3	756	1
4	756	1
5	756	1
6	756	0
7	756	0
0	757	0
1	757	1
2	757	0
3	757	0
4	757	0
5	757	0
6	757	0
7	757	0
0	758	0
1	758	0
2	758	0
3	758	1
4	758	1
5	758	1
6	758	0
7	758	0
0	759	0
1	759	0
2	759	1
3	759	0
4	759	0
5	759	0
6	759	0
7	759	0
0	760	0
1	760	1
2	760	1
3	760	1
4	760	1
5	760	0
6	760	1
7	760	0
0	761	1
1	761	0
2	761	1
3	761	0
4	761	0
5	761	0
6	761	1
7	761	1
0	762	0
1	762	0
2	762	0
3	762	0
4	762	0
5	762	1
6	762	0
7	762	1
0	763	0
1	763	1
2	763	0
3	763	0
4	763	1
5	763	1
6	763	1
7	763	1
0	764	0
1	764	0
2	764	0
3	764	1
4	764	0
5	764	0
6	764	1
7	764	1
0	765	1
1	765	0
2	765	0
3	765	1
4	765	0
5	765	0
6	765	0
7	765	1
0	766	1
1	766	1
2	766	0
3	766	0
4	766	0
5	766	1
6	766	0
7	766	0
0	767	0
1	767	0
2	767	0
3	767	1
4	767	0
5	767	0
6	767	1
7	767	0
0	768	1
1	768	0
2	768	0
3	768	1
4	768	1
5	768	1
6	768	0
7	768	0
0	769	0
1	769	0
2	769	0
3	769	1
4	769	0
5	769	0
6	769	0
7	769	1
0	770	0
1	770	1
2	770	0
3	770	0
4	770	0
5	770	0
6	770	1
7	770	0
0	771	1
1	771	1
2	771	1
3	771	1
4	771	1
5	771	0
6	771	1
7	771	0
0	772	0
1	772	1
2	772	0
3	772	1
4	772	0
5	772	0
6	772	0
7	772	1
0	773	0
1	773	1
2	773	1
3	773	0
4	773	0
5	773	1
6	773	0
7	773	1
0	774	1
1	774	0
2	774	0
3	774	1
4	774	0
5	774	1
6	774	1
7	774	0
0	775	0
1	775	0
2	775	1
3	775	1
4	775	0
5	775	0
6	775	1
7	775	0
0	776	0
1	776	0
2	776	0
3	776	0
4	776	1
5	776	1
6	776	1
7	776	1
0	777	0
1	777	0
2	777	1
3	777	0
4	777	1
5	777	1
6	777	0
7	777	0
0	778	0
1	778	1
2	778	1
3	778	1
4	778	1
5	778	1
6	778	1
7	778	0
0	779	1
1	779	1
2	779	0
3	779	0
4	779	1
5	779	0
6	779	1
7	779	0
0	780	1
1	780	0
2	780	0
3	780	1
4	780	0
5	780	1
6	780	0
7	780	0
0	781	1
1	781	0
2	781	1
3	781	0
4	781	1
5	781	1
6	781	1
7	781	0
0	782	0
1	782	1
2	782	1
3	782	0
4	782	0
5	782	0
6	782	0
7	782	1
0	783	0
1	783	1
2	783	1
3	783	1
4	783	1
5	783	1
6	783	0
7	783	0
0	784	0
1	784	1
2	784	1
3	784	1
4	784	1
5	784	0
6	784	1
7	784	0
0	785	0
1	785	0
2	785	0
3	785	0
4	785	0
5	785	0
6	785	0
7	785	0
0	786	0
1	786	1
2	786	0
3	786	0
4	786	0
5	786	0
6	786	1
7	786	0
0	787	1
1	787	1
2	787	1
3	787	0
4	787	0
5	787	1
6	787	1
7	787	0
0	788	0
1	788	1
2	788	0
3	788	1
4	788	1
5	788	0
6	788	1
7	788	0
0	789	1
1	789	1
2	789	0
3	789	1
4	789	1
5	789	0
6	789	1
7	789	0
0	790	0
1	790	0
2	790	0
3	790	0
4	790	1
5	790	0
6	790	1
7	790	0
0	791	1
1	791	0
2	791	0
3	791	1
4	791	0
5	791	0
6	791	0
7	791	0
0	792	1
1	792	0
2	792	0
3	792	1
4	792	0
5	792	0
6	792	0
7	792	0
0	793	1
1	793	1
2	793	0
3	793	1
4	793	0
5	793	0
6	793	0
7	793	1
0	794	0
1	794	0
2	794	1
3	794	0
4	794	0
5	794	0
6	794	0
7	794	1
0	795	0
1	795	0
2	795	1
3	795	1
4	795	1
5	795	1
6	795	1
7	795	1
0	796	1
1	796	1
2	796	0
3	796	0
4	796	0
5	796	1
6	796	0
7	796	0
0	797	0
1	797	0
2	797	0
3	797	0
4	797	1
5	797	0
6	797	1
7	797	0
0	798	0
1	798	1
2	798	1
3	798	1
4	798	1
5	798	1
6	798	0
7	798	0
0	799	1
1	799	0
2	799	1
3	799	1
4	799	1
5	799	1
6	799	1
7	799	0
0	800	0
1	800	1
2	800	1
3	800	0
4	800	0
5	800	0
6	800	0
7	800	1
0	801	0
1	801	0
2	801	0
3	801	0
4	801	0
5	801	0
6	801	0
7	801	1
0	802	1
1	802	1
2	802	1
3	802	0
4	802	1
5	802	0
6	802	0
7	802	0
0	803	0
1	803	1
2	803	0
3	803	0
4	803	1
5	803	0
6	803	1
7	803	0
0	804	0
1	804	0
2	804	1
3	804	0
4	804	0
5	804	0
6	804	0
7	804	1
0	805	1
1	805	1
2	805	0
3	805	0
4	805	0
5	805	1
6	805	1
7	805	1
0	806	0
1	806	1
2	806	1
3	806	0
4	806	0
5	806	1
6	806	0
7	806	0
0	807	0
1	807	1
2	807	1
3	807	1
4	807	0
5	807	1
6	807	0
7	807	1
0	808	0
1	808	0
2	808	0
3	808	0
4	808	1
5	808	1
6	808	1
7	808	0
0	809	0
1	809	0
2	809	0
3	809	0
4	809	1
5	809	0
6	809	1
7	809	1
0	810	0
1	810	0
2	810	1
3	810	0
4	810	0
5	810	1
6	810	0
7	810	0
0	811	0
1	811	0
2	811	0
3	811	0
4	811	0
5	811	0
6	811	1
7	811	0
0	812	0
1	812	0
2	812	0
3	812	0
4	812	1
5	812	1
6	812	0
7	812	1
0	813	1
1	813	0
2	813	0
3	813	1
4	813	1
5	813	1
6	813	0
7	813	0
0	814	0
1	814	0
2	814	0
3	814	0
4	814	0
5	814	0
6	814	0
7	814	0
0	815	1
1	815	1
2	815	1
3	815	0
4	815	1
5	815	0
6	815	0
7	815	0
0	816	0
1	816	1
2	816	0
3	816	0
4	816	0
5	816	0
6	816	1
7	816	0
0	817	0
1	817	0
2	817	0
3	817	0
4	817	0
5	817	0
6	817	1
7	817	1
0	818	0
1	818	0
2	818	0
3	818	1
4	818	0
5	818	0
6	818	1
7	818	0
0	819	1
1	819	0
2	819	0
3	819	0
4	819	1
5	819	0
6	819	0
7	819	1
0	820	0
1	820	1
2	820	1
3	820	0
4	820	0
5	820	1
6	820	0
7	820	0
0	821	1
1	821	0
2	821	0
3	821	0
4	821	1
5	821	1
6	821	1
7	821	1
0	822	0
1	822	0
2	822	1
3	822	1
4	822	1
5	822	1
6	822	0
7	822	0
0	823	0
1	823	1
2	823	0
3	823	0
4	823	1
5	823	1
6	823	1
7	823	0
0	824	0
1	824	0
2	824	0
3	824	0
4	824	1
5	824	0
6	824	0
7	824	0
0	825	1
1	825	0
2	825	1
3	825	0
4	825	0
5	825	0
6	825	0
7	825	0
0	826	0
1	826	1
2	826	1
3	826	0
4	826	0
5	826	0
6	826	1
7	826	1
0	827	0
1	827	1
2	827	0
3	827	0
4	827	1
5	827	0
6	827	0
7	827	1
0	828	0
1	828	0
2	828	1
3	828	0
4	828	1
5	828	1
6	828	1
7	828	0
0	829	0
1	829	1
2	829	1
3	829	0
4	829	0
5	829	0
6	829	1
7	829	0
0	830	0
1	830	0
2	830	0
3	830	0
4	830	1
5	830	0
6	830	1
7	830	0
0	831	0
1	831	1
2	831	1
3	831	0
4	831	1
5	831	1
6	831	0
7	831	0
0	832	1
1	832	0
2	832	1
3	832	1
4	832	0
5	832	0
6	832	1
7	832	1
0	833	0
1	833	1
2	833	0
3	833	0
4	833	1
5	833	0
6	833	0
7	833	0
0	834	0
1	834	1
2	834	0
3	834	0
4	834	0
5	834	1
6	834	1
7	834	1
0	835	1
1	835	0
2	835	1
3	835	0
4	835	0
5	835	1
6	835	0
7	835	1
0	836	1
1	836	0
2	836	1
3	836	0
4	836	1
5	836	1
6	836	1
7	836	1
0	837	1
1	837	1
2	837	0
3	837	1
4	837	0
5	837	1
6	837	0
7	837	1
0	838	1
1	838	0
2	838	1
3	838	0
4	838	1
5	838	1
6	838	0
7	838	0
0	839	1
1	839	1
2	839	1
3	839	1
4	839	0
5	839	1
6	839	0
7	839	1
0	840	0
1	840	1
2	840	1
3	840	1
4	840	1
5	840	0
6	840	1
7	840	1
0	841	0
1	841	0
2	841	1
3	841	0
4	841	0
5	841	0
6	841	1
7	841	1
0	842	1
1	842	0
2	842	0
3	842	0
4	842	0
5	842	1
6	842	1
7	842	1
0	843	0
1	843	0
2	843	1
3	843	1
4	843	1
5	843	0
6	843	0
7	843	0
0	844	1
1	844	1
2	844	0
3	844	0
4	844	1
5	844	1
6	844	0
7	844	1
0	845	1
1	845	1
2	845	0
3	845	1
4	845	0
5	845	0
6	845	1
7	845	1
0	846	1
1	846	1
2	846	0
3	846	1
4	846	0
5	846	0
6	846	0
7	846	1
0	847	1
1	847	0
2	847	0
3	847	0
4	847	1
5	847	0
6	847	0
7	847	0
0	848	1
1	848	0
2	848	0
3	848	1
4	848	1
5	848	1
6	848	1
7	848	1
0	849	1
1	849	1
2	849	0
3	849	0
4	849	1
5	849	1
6	849	0
7	849	1
0	850	1
1	850	0
2	850	0
3	850	0
4	850	1
5	850	0
6	850	1
7	850	1
0	851	1
1	851	1
2	851	1
3	851	1
4	851	1
5	851	1
6	851	1
7	851	0
0	852	1
1	852	1
2	852	0
3	852	0
4	852	1
5	852	0
6	852	1
7	852	1
0	853	1
1	853	0
2	853	1
3	853	1
4	853	1
5	853	0
6	853	1
7	853	1
0	854	1
1	854	1
2	854	0
3	854	1
4	854	0
5	854	1
6	854	1
7	854	0
0	855	1
1	855	0
2	855	1
3	855	1
4	855	1
5	855	1
6	855	1
7	855	0
0	856	1
1	856	0
2	856	1
3	856	0
4	856	1
5	856	1
6	856	1
7	856	1
0	857	1
1	857	1
2	857	1
3	857	1
4	857	1
5	857	1
6	857	1
7	857	1
0	858	1
1	858	1
2	858	1
3	858	1
4	858	0
5	858	1
6	858	1
7	858	1
0	859	0
1	859	1
2	859	1
3	859	0
4	859	0
5	859	1
6	859	1
7	859	1
0	860	1
1	860	1
2	860	0
3	860	0
4	860	0
5	860	0
6	860	0
7	860	0
0	861	1
1	861	1
2	861	1
3	861	0
4	861	1
5	861	0
6	861	0
7	861	1
0	862	0
1	862	1
2	862	1
3	862	1
4	862	1
5	862	1
6	862	1
7	862	1
0	863	1
1	863	1
2	863	0
3	863	1
4	863	1
5	863	0
6	863	0
7	863	0
0	864	1
1	864	0
2	864	1
3	864	1
4	864	1
5	864	0
6	864	0
7	864	1
0	865	1
1	865	1
2	865	0
3	865	1
4	865	1
5	865	1
6	865	1
7	865	0
0	866	1
1	866	1
2	866	0
3	866	1
4	866	0
5	866	1
6	866	1
7	866	0
0	867	0
1	867	1
2	867	1
3	867	1
4	867	1
5	867	0
6	867	1
7	867	1
0	868	1
1	868	0
2	868	1
3	868	1
4	868	1
5	868	1
6	868	0
7	868	0
0	869	1
1	869	1
2	869	1
3	869	0
4	869	0
5	869	0
6	869	1
7	869	1
0	870	1
1	870	1
2	870	0
3	870	0
4	870	0
5	870	1
6	870	1
7	870	1
0	871	1
1	871	1
2	871	0
3	871	0
4	871	1
5	871	0
6	871	0
7	871	0
0	872	1
1	872	0
2	872	1
3	872	1
4	872	1
5	872	0
6	872	0
7	872	1
0	873	1
1	873	1
2	873	0
3	873	1
4	873	1
5	873	0
6	873	1
7	873	0
0	874	0
1	874	0
2	874	0
3	874	0
4	874	1
5	874	0
6	874	1
7	874	1
0	875	1
1	875	1
2	875	1
3	875	1
4	875	1
5	875	0
6	875	1
7	875	1
0	876	1
1	876	1
2	876	1
3	876	1
4	876	0
5	876	0
6	876	1
7	876	1
0	877	1
1	877	0
2	877	1
3	877	1
4	877	0
5	877	1
6	877	0
7	877	0
0	878	1
1	878	1
2	878	1
3	878	1
4	878	0
5	878	1
6	878	1
7	878	0
0	879	0
1	879	1
2	879	0
3	879	0
4	879	1
5	879	1
6	879	1
7	879	1
0	880	1
1	880	1
2	880	1
3	880	0
4	880	0
5	880	1
6	880	1
7	880	0
0	881	1
1	881	1
2	881	0
3	881	1
4	881	1
5	881	1
6	881	1
7	881	1
0	882	1
1	882	1
2	882	1
3	882	1
4	882	0
5	882	0
6	882	1
7	882	1
0	883	1
1	883	1
2	883	0
3	883	1
4	883	1
5	883	1
6	883	1
7	883	1
0	884	1
1	884	1
2	884	0
3	884	1
4	884	1
5	884	1
6	884	1
7	884	0
0	885	1
1	885	1
2	885	0
3	885	1
4	885	0
5	885	1
6	885	0
7	885	1
0	886	0
1	886	1
2	886	0
3	886	1
4	886	0
5	886	1
6	886	0
7	886	1
0	887	1
1	887	0
2	887	1
3	887	0
4	887	0
5	887	0
6	887	0
7	887	1
0	888	1
1	888	0
2	888	0
3	888	1
4	888	1
5	888	1
6	888	1
7	888	1
0	889	1
1	889	1
2	889	0
3	889	1
4	889	0
5	889	1
6	889	1
7	889	1
0	890	1
1	890	0
2	890	1
3	890	1
4	890	0
5	890	1
6	890	0
7	890	0
0	891	1
1	891	1
2	891	0
3	891	0
4	891	0
5	891	0
6	891	0
7	891	1
0	892	1
1	892	1
2	892	1
3	892	0
4	892	0
5	892	0
6	892	1
7	892	1
0	893	0
1	893	1
2	893	0
3	893	0
4	893	1
5	893	1
6	893	1
7	893	1
0	894	1
1	894	1
2	894	1
3	894	0
4	894	1
5	894	0
6	894	0
7	894	1
0	895	1
1	895	1
2	895	1
3	895	0
4	895	0
5	895	1
6	895	0
7	895	1
0	896	1
1	896	1
2	896	0
3	896	0
4	896	1
5	896	1
6	896	1
7	896	0
0	897	1
1	897	1
2	897	1
3	897	0
4	897	0
5	897	1
6	897	0
7	897	1
0	898	1
1	898	0
2	898	1
3	898	1
4	898	0
5	898	1
6	898	0
7	898	1
0	899	0
1	899	1
2	899	1
3	899	0
4	899	1
5	899	1
6	899	0
7	899	1
0	900	1
1	900	0
2	900	1
3	900	1
4	900	0
5	900	1
6	900	1
7	900	1
0	901	0
1	901	1
2	901	0
3	901	1
4	901	1
5	901	1
6	901	1
7	901	0
0	902	1
1	902	1
2	902	0
3	902	1
4	902	1
5	902	1
6	902	1
7	902	1
0	903	1
1	903	1
2	903	1
3	903	0
4	903	1
5	903	0
6	903	0
7	903	1
0	904	0
1	904	1
2	904	1
3	904	1
4	904	1
5	904	0
6	904	1
7	904	1
0	905	0
1	905	0
2	905	1
3	905	0
4	905	1
5	905	0
6	905	1
7	905	0
0	906	1
1	906	1
2	906	0
3	906	1
4	906	1
5	906	0
6	906	0
7	906	1
0	907	1
1	907	0
2	907	0
3	907	0
4	907	1
5	907	1
6	907	0
7	907	1
0	908	0
1	908	0
2	908	1
3	908	1
4	908	1
5	908	0
6	908	0
7	908	1
0	909	0
1	909	0
2	909	0
3	909	0
4	909	0
5	909	0
6	909	1
7	909	1
0	910	1
1	910	0
2	910	1
3	910	1
4	910	0
5	910	0
6	910	0
7	910	1
0	911	0
1	911	0
2	911	0
3	911	0
4	911	1
5	911	0
6	911	0
7	911	0
0	912	1
1	912	0
2	912	1
3	912	0
4	912	0
5	912	1
6	912	1
7	912	0
0	913	1
1	913	0
2	913	1
3	913	1
4	913	1
5	913	0
6	913	1
7	913	1
0	914	1
1	914	1
2	914	0
3	914	1
4	914	0
5	914	1
6	914	1
7	914	1
0	915	0
1	915	0
2	915	0
3	915	0
4	915	1
5	915	1
6	915	0
7	915	0
0	916	1
1	916	0
2	916	1
3	916	0
4	916	1
5	916	1
6	916	1
7	916	0
0	917	0
1	917	0
2	917	1
3	917	1
4	917	0
5	917	1
6	917	0
7	917	0
0	918	0
1	918	0
2	918	0
3	918	0
4	918	1
5	918	0
6	918	1
7	918	0
0	919	0
1	919	1
2	919	1
3	919	1
4	919	1
5	919	1
6	919	1
7	919	0
0	920	0
1	920	0
2	920	0
3	920	0
4	920	0
5	920	1
6	920	0
7	920	0
0	921	1
1	921	0
2	921	0
3	921	1
4	921	0
5	921	1
6	921	0
7	921	0
0	922	1
1	922	0
2	922	0
3	922	0
4	922	0
5	922	0
6	922	1
7	922	1
0	923	0
1	923	0
2	923	1
3	923	1
4	923	0
5	923	0
6	923	1
7	923	1
0	924	0
1	924	1
2	924	1
3	924	1
4	924	0
5	924	0
6	924	1
7	924	0
0	925	0
1	925	0
2	925	0
3	925	0
4	925	1
5	925	1
6	925	1
7	925	0
0	926	1
1	926	0
2	926	1
3	926	0
4	926	0
5	926	0
6	926	1
7	926	0
0	927	0
1	927	0
2	927	0
3	927	0
4	927	0
5	927	0
6	927	1
7	927	0
0	928	0
1	928	0
2	928	0
3	928	0
4	928	1
5	928	1
6	928	0
7	928	0
0	929	0
1	929	1
2	929	0
3	929	0
4	929	0
5	929	0
6	929	0
7	929	0
0	930	0
1	930	1
2	930	1
3	930	0
4	930	1
5	930	0
6	930	1
7	930	0
0	931	0
1	931	0
2	931	0
3	931	1
4	931	0
5	931	0
6	931	0
7	931	1
0	932	0
1	932	0
2	932	1
3	932	0
4	932	1
5	932	0
6	932	1
7	932	0
0	933	1
1	933	0
2	933	1
3	933	1
4	933	1
5	933	0
6	933	1
7	933	0
0	934	0
1	934	0
2	934	1
3	934	0
4	934	0
5	934	0
6	934	1
7	934	1
0	935	0
1	935	1
2	935	0
3	935	1
4	935	0
5	935	0
6	935	1
7	935	0
0	936	1
1	936	0
2	936	1
3	936	1
4	936	1
5	936	1
6	936	1
7	936	1
0	937	1
1	937	0
2	937	0
3	937	0
4	937	0
5	937	0
6	937	1
7	937	0
0	938	0
1	938	0
2	938	1
3	938	0
4	938	1
5	938	0
6	938	1
7	938	0
0	939	1
1	939	0
2	939	1
3	939	0
4	939	1
5	939	0
6	939	1
7	939	0
0	940	0
1	940	0
2	940	0
3	940	1
4	940	1
5	940	0
6	940	1
7	940	1
0	941	0
1	941	1
2	941	0
3	941	1
4	941	0
5	941	0
6	941	1
7	941	0
0	942	0
1	942	1
2	942	1
3	942	1
4	942	1
5	942	1
6	942	0
7	942	1
0	943	1
1	943	0
2	943	1
3	943	1
4	943	0
5	943	0
6	943	0
7	943	1
0	944	1
1	944	1
2	944	1
3	944	0
4	944	1
5	944	0
6	944	0
7	944	0
0	945	0
1	945	0
2	945	0
3	945	0
4	945	0
5	945	0
6	945	1
7	945	0
0	946	0
1	946	1
2	946	1
3	946	1
4	946	0
5	946	0
6	946	1
7	946	1
0	947	1
1	947	0
2	947	0
3	947	0
4	947	0
5	947	0
6	947	1
7	947	0
0	948	1
1	948	0
2	948	1
3	948	0
4	948	0
5	948	1
6	948	1
7	948	1
0	949	0
1	949	0
2	949	1
3	949	0
4	949	0
5	949	0
6	949	1
7	949	1
0	950	1
1	950	1
2	950	1
3	950	0
4	950	0
5	950	0
6	950	0
7	950	0
0	951	0
1	951	0
2	951	0
3	951	0
4	951	0
5	951	0
6	951	0
7	951	0
0	952	0
1	952	1
2	952	1
3	952	0
4	952	1
5	952	0
6	952	0
7	952	0
0	953	1
1	953	1
2	953	0
3	953	0
4	953	1
5	953	0
6	953	0
7	953	0
0	954	1
1	954	0
2	954	0
3	954	1
4	954	1
5	954	0
6	954	0
7	954	0
0	955	0
1	955	1
2	955	1
3	955	1
4	955	0
5	955	0
6	955	1
7	955	1
0	956	1
1	956	0
2	956	0
3	956	1
4	956	0
5	956	1
6	956	1
7	956	0
0	957	0
1	957	1
2	957	1
3	957	1
4	957	1
5	957	1
6	957	0
7	957	0
0	958	0
1	958	0
2	958	0
3	958	0
4	958	0
5	958	0
6	958	1
7	958	0
0	959	0
1	959	0
2	959	1
3	959	0
4	959	1
5	959	1
6	959	0
7	959	0
0	960	0
1	960	1
2	960	0
3	960	0
4	960	0
5	960	1
6	960	0
7	960	0
0	961	0
1	961	1
2	961	1
3	961	1
4	961	0
5	961	1
6	961	0
7	961	1
0	962	1
1	962	0
2	962	1
3	962	0
4	962	1
5	962	1
6	962	0
7	962	0
0	963	0
1	963	1
2	963	0
3	963	0
4	963	0
5	963	0
6	963	1
7	963	0
0	964	1
1	964	0
2	964	0
3	964	0
4	964	0
5	964	1
6	964	0
7	964	0
0	965	0
1	965	0
2	965	1
3	965	1
4	965	1
5	965	0
6	965	0
7	965	0
0	966	0
1	966	1
2	966	0
3	966	0
4	966	1
5	966	1
6	966	0
7	966	0
0	967	1
1	967	1
2	967	0
3	967	1
4	967	0
5	967	0
6	967	0
7	967	0
0	968	0
1	968	0
2	968	0
3	968	1
4	968	1
5	968	0
6	968	1
7	968	1
0	969	0
1	969	0
2	969	0
3	969	0
4	969	1
5	969	1
6	969	1
7	969	1
0	970	1
1	970	1
2	970	0
3	970	0
4	970	0
5	970	1
6	970	1
7	970	0
0	971	0
1	971	0
2	971	0
3	971	1
4	971	0
5	971	0
6	971	1
7	971	0
0	972	0
1	972	0
2	972	0
3	972	1
4	972	1
5	972	0
6	972	0
7	972	0
0	973	0
1	973	1
2	973	0
3	973	0
4	973	1
5	973	0
6	973	0
7	973	0
0	974	1
1	974	0
2	974	1
3	974	0
4	974	1
5	974	0
6	974	1
7	974	0
0	975	0
1	975	0
2	975	0
3	975	1
4	975	0
5	975	0
6	975	1
7	975	1
0	976	0
1	976	0
2	976	0
3	976	0
4	976	0
5	976	1
6	976	0
7	976	1
0	977	0
1	977	0
2	977	0
3	977	0
4	977	1
5	977	1
6	977	1
7	977	0
0	978	0
1	978	0
2	978	0
3	978	0
4	978	0
5	978	0
6	978	1
7	978	0
0	979	0
1	979	1
2	979	0
3	979	0
4	979	1
5	979	0
6	979	0
7	979	0
0	980	0
1	980	0
2	980	1
3	980	0
4	980	0
5	980	1
6	980	0
7	980	1
0	981	1
1	981	0
2	981	1
3	981	0
4	981	1
5	981	0
6	981	0
7	981	0
0	982	1
1	982	0
2	982	1
3	982	1
4	982	1
5	982	1
6	982	0
7	982	0
0	983	0
1	983	1
2	983	0
3	983	1
4	983	0
5	983	1
6	983	0
7	983	0
0	984	1
1	984	1
2	984	0
3	984	0
4	984	1
5	984	1
6	984	1
7	984	0
0	985	0
1	985	0
2	985	1
3	985	1
4	985	1
5	985	1
6	985	1
7	985	0
0	986	0
1	986	0
2	986	0
3	986	1
4	986	0
5	986	1
6	986	0
7	986	0
0	987	1
1	987	1
2	987	0
3	987	1
4	987	1
5	987	1
6	987	1
7	987	1
0	988	0
1	988	1
2	988	1
3	988	1
4	988	0
5	988	0
6	988	0
7	988	0
0	989	1
1	989	0
2	989	1
3	989	0
4	989	1
5	989	0
6	989	1
7	989	1
0	990	1
1	990	0
2	990	0
3	990	0
4	990	1
5	990	1
6	990	1
7	990	0
0	991	0
1	991	1
2	991	1
3	991	0
4	991	1
5	991	0
6	991	0
7	991	0
0	992	0
1	992	0
2	992	1
3	992	1
4	992	1
5	992	1
6	992	0
7	992	0
0	993	1
1	993	0
2	993	0
3	993	1
4	993	1
5	993	0
6	993	1
7	993	0
0	994	0
1	994	0
2	994	1
3	994	0
4	994	1
5	994	1
6	994	0
7	994	0
0	995	0
1	995	1
2	995	1
3	995	1
4	995	1
5	995	1
6	995	0
7	995	0
0	996	1
1	996	0
2	996	0
3	996	1
4	996	1
5	996	0
6	996	0
7	996	1
0	997	0
1	997	0
2	997	0
3	997	0
4	997	1
5	997	0
6	997	0
7	997	0
0	998	0
1	998	0
2	998	0
3	998	1
4	998	1
5	998	1
6	998	1
7	998	0
0	999	0
1	999	1
2	999	0
3	999	0
4	999	1
5	999	0
6	999	1
7	999	0
0	1000	1
1	1000	0
2	1000	1
3	1000	0
4	1000	1
5	1000	0
6	1000	0
7	1000	0
0	1001	0
1	1001	1
2	1001	0
3	1001	1
4	1001	0
5	1001	1
6	1001	0
7	1001	1
0	1002	1
1	1002	1
2	1002	0
3	1002	1
4	1002	0
5	1002	0
6	1002	1
7	1002	1
0	1003	0
1	1003	1
2	1003	0
3	1003	0
4	1003	1
5	1003	1
6	1003	0
7	1003	1
0	1004	1
1	1004	1
2	1004	0
3	1004	0
4	1004	1
5	1004	0
6	1004	0
7	1004	0
0	1005	1
1	1005	0
2	1005	1
3	1005	0
4	1005	1
5	1005	1
6	1005	1
7	1005	0
0	1006	1
1	1006	0
2	1006	0
3	1006	1
4	1006	0
5	1006	1
6	1006	0
7	1006	1
0	1007	1
1	1007	1
2	1007	1
3	1007	1
4	1007	0
5	1007	1
6	1007	0
7	1007	0
0	1008	0
1	1008	1
2	1008	1
3	1008	0
4	1008	1
5	1008	1
6	1008	1
7	1008	0
0	1009	0
1	1009	1
2	1009	1
3	1009	0
4	1009	0
5	1009	0
6	1009	1
7	1009	0
0	1010	1
1	1010	1
2	1010	1
3	1010	1
4	1010	0
5	1010	0
6	1010	1
7	1010	1
0	1011	0
1	1011	1
2	1011	1
3	1011	0
4	1011	1
5	1011	0
6	1011	1
7	1011	0
0	1012	1
1	1012	0
2	1012	0
3	1012	0
4	1012	1
5	1012	1
6	1012	1
7	1012	0
0	1013	0
1	1013	0
2	1013	0
3	1013	1
4	1013	0
5	1013	0
6	1013	0
7	1013	1
0	1014	0
1	1014	0
2	1014	1
3	1014	1
4	1014	1
5	1014	0
6	1014	1
7	1014	1
0	1015	0
1	1015	0
2	1015	1
3	1015	1
4	1015	1
5	1015	0
6	1015	0
7	1015	0
0	1016	1
1	1016	0
2	1016	1
3	1016	0
4	1016	0
5	1016	0
6	1016	1
7	1016	0
0	1017	0
1	1017	0
2	1017	1
3	1017	1
4	1017	0
5	1017	0
6	1017	1
7	1017	0
0	1018	0
1	1018	0
2	1018	0
3	1018	1
4	1018	0
5	1018	1
6	1018	0
7	1018	1
0	1019	0
1	1019	0
2	1019	1
3	1019	1
4	1019	1
5	1019	1
6	1019	1
7	1019	0
0	1020	0
1	1020	0
2	1020	0
3	1020	1
4	1020	0
5	1020	1
6	1020	0
7	1020	1
0	1021	0
1	1021	0
2	1021	0
3	1021	1
4	1021	0
5	1021	0
6	1021	0
7	1021	0
0	1022	0
1	1022	0
2	1022	1
3	1022	0
4	1022	1
5	1022	1
6	1022	1
7	1022	0
0	1023	0
1	1023	0
2	1023	0
3	1023	1
4	1023	0
5	1023	0
6	1023	0
7	1023	1
0	1024	1
1	1024	0
2	1024	1
3	1024	0
4	1024	1
5	1024	0
6	1024	0
7	1024	1
0	1025	0
1	1025	0
2	1025	0
3	1025	1
4	1025	1
5	1025	0
6	1025	0
7	1025	1
0	1026	0
1	1026	0
2	1026	0
3	1026	0
4	1026	1
5	1026	0
6	1026	0
7	1026	0
0	1027	0
1	1027	1
2	1027	1
3	1027	0
4	1027	1
5	1027	0
6	1027	0
7	1027	1
0	1028	0
1	1028	0
2	1028	0
3	1028	1
4	1028	0
5	1028	0
6	1028	1
7	1028	1
0	1029	1
1	1029	0
2	1029	0
3	1029	1
4	1029	0
5	1029	0
6	1029	0
7	1029	1
0	1030	0
1	1030	0
2	1030	0
3	1030	0
4	1030	1
5	1030	0
6	1030	1
7	1030	0
0	1031	1
1	1031	1
2	1031	0
3	1031	1
4	1031	1
5	1031	0
6	1031	0
7	1031	0
0	1032	0
1	1032	0
2	1032	0
3	1032	1
4	1032	1
5	1032	1
6	1032	0
7	1032	0
0	1033	0
1	1033	0
2	1033	0
3	1033	0
4	1033	1
5	1033	0
6	1033	0
7	1033	0
0	1034	0
1	1034	1
2	1034	1
3	1034	1
4	1034	1
5	1034	1
6	1034	1
7	1034	0
0	1035	0
1	1035	1
2	1035	1
3	1035	0
4	1035	1
5	1035	1
6	1035	1
7	1035	0
0	1036	0
1	1036	0
2	1036	0
3	1036	0
4	1036	0
5	1036	1
6	1036	0
7	1036	0
0	1037	0
1	1037	0
2	1037	1
3	1037	1
4	1037	0
5	1037	0
6	1037	0
7	1037	0
0	1038	0
1	1038	1
2	1038	1
3	1038	0
4	1038	0
5	1038	0
6	1038	1
7	1038	0
0	1039	1
1	1039	0
2	1039	0
3	1039	1
4	1039	0
5	1039	0
6	1039	1
7	1039	0
0	1040	0
1	1040	0
2	1040	0
3	1040	0
4	1040	0
5	1040	1
6	1040	0
7	1040	0
0	1041	0
1	1041	1
2	1041	0
3	1041	0
4	1041	0
5	1041	0
6	1041	0
7	1041	0
0	1042	1
1	1042	1
2	1042	1
3	1042	1
4	1042	0
5	1042	0
6	1042	1
7	1042	1
0	1043	1
1	1043	0
2	1043	0
3	1043	1
4	1043	1
5	1043	0
6	1043	1
7	1043	0
0	1044	0
1	1044	0
2	1044	0
3	1044	0
4	1044	1
5	1044	1
6	1044	0
7	1044	1
0	1045	0
1	1045	0
2	1045	0
3	1045	1
4	1045	0
5	1045	0
6	1045	1
7	1045	0
0	1046	0
1	1046	0
2	1046	0
3	1046	0
4	1046	0
5	1046	0
6	1046	0
7	1046	0
0	1047	0
1	1047	1
2	1047	0
3	1047	1
4	1047	1
5	1047	1
6	1047	1
7	1047	0
0	1048	0
1	1048	0
2	1048	1
3	1048	0
4	1048	1
5	1048	1
6	1048	0
7	1048	0
0	1049	1
1	1049	0
2	1049	0
3	1049	1
4	1049	0
5	1049	1
6	1049	1
7	1049	1
0	1050	0
1	1050	0
2	1050	1
3	1050	1
4	1050	0
5	1050	0
6	1050	0
7	1050	0
0	1051	1
1	1051	1
2	1051	0
3	1051	0
4	1051	0
5	1051	0
6	1051	0
7	1051	0
0	1052	0
1	1052	0
2	1052	0
3	1052	0
4	1052	1
5	1052	0
6	1052	1
7	1052	0
0	1053	0
1	1053	1
2	1053	1
3	1053	0
4	1053	1
5	1053	1
6	1053	0
7	1053	0
0	1054	1
1	1054	1
2	1054	1
3	1054	0
4	1054	1
5	1054	1
6	1054	0
7	1054	0