0	0	2
1	0	2
2	0	0
3	0	1
4	0	2
5	0	1
6	0	0
7	0	0
0	1	2
1	1	2
2	1	0
3	1	0
4	1	2
5	1	2
6	1	0
7	1	2
0	2	2
1	2	2
2	2	2
3	2	0
4	2	0
5	2	0
6	2	0
7	2	2
0	3	2
1	3	0
2	3	0
3	3	1
4	3	0
5	3	0
6	3	2
7	3	2
0	4	2
1	4	2
2	4	1
3	4	2
4	4	0
5	4	2
6	4	0
7	4	2
0	5	0
1	5	2
2	5	0
3	5	0
4	5	2
5	5	0
6	5	0
7	5	2
0	6	2
1	6	2
2	6	0
3	6	2
4	6	2
5	6	0
6	6	2
7	6	2
0	7	2
1	7	0
2	7	2
3	7	2
4	7	0
5	7	2
6	7	2
7	7	0
0	8	2
1	8	2
2	8	2
3	8	1
4	8	2
5	8	2
6	8	0
7	8	2
0	9	2
1	9	0
2	9	2
3	9	2
4	9	2
5	9	2
6	9	2
7	9	0
0	10	2
1	10	0
2	10	2
3	10	2
4	10	2
5	10	2
6	10	0
7	10	0
0	11	0
1	11	2
2	11	0
3	11	0
4	11	2
5	11	2
6	11	2
7	11	2
0	12	0
1	12	0
2	12	0
3	12	2
4	12	2
5	12	2
6	12	2
7	12	2
0	13	2
1	13	0
2	13	2
3	13	2
4	13	2
5	13	2
6	13	2
7	13	2
0	14	2
1	14	2
2	14	0
3	14	2
4	14	2
5	14	0
6	14	2
7	14	0
0	15	2
1	15	1
2	15	2
3	15	0
4	15	2
5	15	2
6	15	2
7	15	0
0	16	2
1	16	1
2	16	0
3	16	0
4	16	0
5	16	0
6	16	0
7	16	1
0	17	1
1	17	2
2	17	2
3	17	0
4	17	0
5	17	2
6	17	2
7	17	2
0	18	1
1	18	0
2	18	0
3	18	0
4	18	2
5	18	0
6	18	2
7	18	0
0	19	0
1	19	0
2	19	2
3	19	2
4	19	0
5	19	0
6	19	2
7	19	2
0	20	0
1	20	0
2	20	2
3	20	2
4	20	2
5	20	2
6	20	2
7	20	2
0	21	2
1	21	2
2	21	2
3	21	2
4	21	2
5	21	2
6	21	2
7	21	2
0	22	2
1	22	2
2	22	0
3	22	2
4	22	2
5	22	2
6	22	2
7	22	2
0	23	2
1	23	0
2	23	2
3	23	2
4	23	1
5	23	0
6	23	2
7	23	2
0	24	0
1	24	0
2	24	2
3	24	2
4	24	2
5	24	0
6	24	0
7	24	2
0	25	2
1	25	0
2	25	0
3	25	0
4	25	2
5	25	0
6	25	2
7	25	0
0	26	1
1	26	0
2	26	0
3	26	1
4	26	2
5	26	1
6	26	1
7	26	1
0	27	0
1	27	2
2	27	2
3	27	0
4	27	2
5	27	0
6	27	2
7	27	2
0	28	2
1	28	0
2	28	0
3	28	2
4	28	2
5	28	2
6	28	2
7	28	2
0	29	0
1	29	0
2	29	0
3	29	2
4	29	0
5	29	0
6	29	0
7	29	0
0	30	1
1	30	1
2	30	1
3	30	1
4	30	0
5	30	0
6	30	2
7	30	0
0	31	0
1	31	2
2	31	2
3	31	2
4	31	0
5	31	0
6	31	0
7	31	0
0	32	2
1	32	0
2	32	2
3	32	0
4	32	2
5	32	2
6	32	0
7	32	0
0	33	2
1	33	2
2	33	0
3	33	2
4	33	2
5	33	2
6	33	0
7	33	2
0	34	0
1	34	2
2	34	2
3	34	1
4	34	2
5	34	2
6	34	2
7	34	1
0	35	0
1	35	2
2	35	2
3	35	0
4	35	2
5	35	2
6	35	2
7	35	1
0	36	2
1	36	0
2	36	2
3	36	2
4	36	2
5	36	0
6	36	0
7	36	1
0	37	0
1	37	0
2	37	0
3	37	2
4	37	2
5	37	2
6	37	0
7	37	2
0	38	2
1	38	2
2	38	0
3	38	0
4	38	2
5	38	2
6	38	2
7	38	0
0	39	2
1	39	2
2	39	0
3	39	2
4	39	2
5	39	2
6	39	2
7	39	0
0	40	2
1	40	2
2	40	2
3	40	2
4	40	2
5	40	2
6	40	1
7	40	2
0	41	2
1	41	2
2	41	0
3	41	0
4	41	2
5	41	2
6	41	0
7	41	0
0	42	2
1	42	0
2	42	2
3	42	1
4	42	2
5	42	0
6	42	2
7	42	2
0	43	2
1	43	2
2	43	2
3	43	2
4	43	1
5	43	2
6	43	0
7	43	2
0	44	2
1	44	2
2	44	2
3	44	2
4	44	2
5	44	0
6	44	0
7	44	0
0	45	2
1	45	0
2	45	2
3	45	2
4	45	0
5	45	2
6	45	2
7	45	0
0	46	0
1	46	2
2	46	0
3	46	2
4	46	2
5	46	2
6	46	0
7	46	2
0	47	2
1	47	2
2	47	0
3	47	0
4	47	2
5	47	2
6	47	2
7	47	2
0	48	2
1	48	2
2	48	0
3	48	0
4	48	0
5	48	0
6	48	0
7	48	2
0	49	2
1	49	0
2	49	2
3	49	2
4	49	2
5	49	1
6	49	1
7	49	2
0	50	2
1	50	2
2	50	2
3	50	0
4	50	0
5	50	0
6	50	2
7	50	2
0	51	0
1	51	2
2	51	2
3	51	0
4	51	0
5	51	0
6	51	0
7	51	0
0	52	1
1	52	1
2	52	1
3	52	0
4	52	1
5	52	2
6	52	1
7	52	1
0	53	2
1	53	2
2	53	2
3	53	2
4	53	2
5	53	0
6	53	2
7	53	0
0	54	2
1	54	0
2	54	2
3	54	0
4	54	2
5	54	1
6	54	2
7	54	0
0	55	0
1	55	2
2	55	0
3	55	2
4	55	2
5	55	0
6	55	1
7	55	0
0	56	2
1	56	2
2	56	2
3	56	2
4	56	2
5	56	2
6	56	2
7	56	1
0	57	0
1	57	2
2	57	2
3	57	0
4	57	2
5	57	2
6	57	2
7	57	2
0	58	2
1	58	2
2	58	1
3	58	2
4	58	2
5	58	2
6	58	2
7	58	2
0	59	2
1	59	0
2	59	2
3	59	0
4	59	0
5	59	2
6	59	2
7	59	0
0	60	2
1	60	2
2	60	1
3	60	1
4	60	1
5	60	0
6	60	1
7	60	0
0	61	2
1	61	2
2	61	2
3	61	2
4	61	0
5	61	0
6	61	0
7	61	2
0	62	2
1	62	0
2	62	2
3	62	0
4	62	1
5	62	2
6	62	0
7	62	1
0	63	2
1	63	0
2	63	2
3	63	2
4	63	2
5	63	0
6	63	2
7	63	2
0	64	2
1	64	2
2	64	0
3	64	2
4	64	2
5	64	2
6	64	1
7	64	2
0	65	0
1	65	1
2	65	0
3	65	0
4	65	2
5	65	2
6	65	0
7	65	0
0	66	0
1	66	1
2	66	2
3	66	0
4	66	0
5	66	2
6	66	0
7	66	2
0	67	2
1	67	2
2	67	2
3	67	2
4	67	2
5	67	0
6	67	0
7	67	2
0	68	2
1	68	2
2	68	0
3	68	2
4	68	2
5	68	2
6	68	0
7	68	0
0	69	2
1	69	0
2	69	0
3	69	1
4	69	2
5	69	2
6	69	2
7	69	0
0	70	0
1	70	0
2	70	2
3	70	0
4	70	2
5	70	0
6	70	0
7	70	2
0	71	2
1	71	0
2	71	2
3	71	2
4	71	2
5	71	2
6	71	2
7	71	2
0	72	2
1	72	0
2	72	2
3	72	2
4	72	1
5	72	2
6	72	2
7	72	0
0	73	1
1	73	0
2	73	1
3	73	2
4	73	2
5	73	2
6	73	2
7	73	0
0	74	0
1	74	0
2	74	2
3	74	2
4	74	2
5	74	2
6	74	0
7	74	0
0	75	1
1	75	0
2	75	2
3	75	0
4	75	2
5	75	0
6	75	0
7	75	0
0	76	0
1	76	2
2	76	0
3	76	0
4	76	0
5	76	2
6	76	0
7	76	0
0	77	0
1	77	2
2	77	2
3	77	0
4	77	2
5	77	0
6	77	0
7	77	0
0	78	2
1	78	1
2	78	1
3	78	2
4	78	1
5	78	1
6	78	1
7	78	1
0	79	2
1	79	2
2	79	2
3	79	2
4	79	0
5	79	2
6	79	2
7	79	2
0	80	0
1	80	2
2	80	2
3	80	2
4	80	0
5	80	0
6	80	2
7	80	2
0	81	0
1	81	1
2	81	0
3	81	0
4	81	1
5	81	2
6	81	2
7	81	1
0	82	1
1	82	0
2	82	0
3	82	2
4	82	2
5	82	2
6	82	0
7	82	0
0	83	0
1	83	1
2	83	2
3	83	2
4	83	2
5	83	0
6	83	0
7	83	1
0	84	2
1	84	0
2	84	0
3	84	2
4	84	2
5	84	2
6	84	2
7	84	2
0	85	0
1	85	2
2	85	0
3	85	0
4	85	2
5	85	0
6	85	0
7	85	2
0	86	2
1	86	0
2	86	2
3	86	0
4	86	0
5	86	0
6	86	2
7	86	2
0	87	2
1	87	2
2	87	0
3	87	1
4	87	0
5	87	2
6	87	2
7	87	0
0	88	2
1	88	0
2	88	2
3	88	2
4	88	2
5	88	0
6	88	0
7	88	2
0	89	2
1	89	2
2	89	2
3	89	0
4	89	2
5	89	1
6	89	2
7	89	0
0	90	1
1	90	1
2	90	2
3	90	2
4	90	0
5	90	2
6	90	0
7	90	0
0	91	2
1	91	1
2	91	2
3	91	0
4	91	2
5	91	0
6	91	1
7	91	2
0	92	1
1	92	0
2	92	2
3	92	2
4	92	0
5	92	2
6	92	2
7	92	0
0	93	0
1	93	2
2	93	0
3	93	2
4	93	2
5	93	2
6	93	0
7	93	0
0	94	0
1	94	2
2	94	0
3	94	2
4	94	1
5	94	2
6	94	2
7	94	0
0	95	2
1	95	0
2	95	0
3	95	0
4	95	2
5	95	2
6	95	0
7	95	0
0	96	2
1	96	0
2	96	2
3	96	2
4	96	2
5	96	2
6	96	2
7	96	2
0	97	2
1	97	0
2	97	0
3	97	1
4	97	2
5	97	2
6	97	0
7	97	2
0	98	2
1	98	0
2	98	0
3	98	2
4	98	2
5	98	0
6	98	0
7	98	2
0	99	2
1	99	2
2	99	0
3	99	2
4	99	2
5	99	2
6	99	2
7	99	2
0	100	0
1	100	0
2	100	2
3	100	0
4	100	0
5	100	0
6	100	0
7	100	2
0	101	0
1	101	2
2	101	0
3	101	0
4	101	0
5	101	0
6	101	0
7	101	0
0	102	0
1	102	0
2	102	0
3	102	0
4	102	2
5	102	2
6	102	0
7	102	0
0	103	0
1	103	0
2	103	2
3	103	2
4	103	0
5	103	0
6	103	0
7	103	2
0	104	1
1	104	1
2	104	1
3	104	2
4	104	1
5	104	1
6	104	1
7	104	0
0	105	0
1	105	0
2	105	0
3	105	0
4	105	0
5	105	2
6	105	2
7	105	0
0	106	2
1	106	2
2	106	0
3	106	2
4	106	0
5	106	0
6	106	2
7	106	2
0	107	2
1	107	2
2	107	2
3	107	2
4	107	2
5	107	0
6	107	2
7	107	2
0	108	2
1	108	2
2	108	2
3	108	2
4	108	2
5	108	2
6	108	0
7	108	2
0	109	2
1	109	2
2	109	0
3	109	2
4	109	2
5	109	2
6	109	2
7	109	0
0	110	0
1	110	0
2	110	1
3	110	0
4	110	0
5	110	0
6	110	0
7	110	0
0	111	2
1	111	2
2	111	1
3	111	2
4	111	2
5	111	0
6	111	2
7	111	0
0	112	2
1	112	2
2	112	0
3	112	2
4	112	2
5	112	0
6	112	0
7	112	2
0	113	1
1	113	2
2	113	2
3	113	0
4	113	2
5	113	2
6	113	2
7	113	2
0	114	0
1	114	2
2	114	2
3	114	0
4	114	2
5	114	0
6	114	0
7	114	0
0	115	0
1	115	0
2	115	2
3	115	2
4	115	0
5	115	0
6	115	2
7	115	0
0	116	0
1	116	0
2	116	1
3	116	2
4	116	2
5	116	0
6	116	2
7	116	0
0	117	2
1	117	2
2	117	2
3	117	2
4	117	0
5	117	2
6	117	0
7	117	2
0	118	0
1	118	2
2	118	2
3	118	2
4	118	2
5	118	2
6	118	2
7	118	0
0	119	2
1	119	2
2	119	1
3	119	2
4	119	2
5	119	2
6	119	0
7	119	2
0	120	1
1	120	0
2	120	1
3	120	1
4	120	1
5	120	1
6	120	2
7	120	1
0	121	2
1	121	0
2	121	0
3	121	2
4	121	0
5	121	0
6	121	0
7	121	0
0	122	2
1	122	0
2	122	2
3	122	2
4	122	2
5	122	0
6	122	0
7	122	2
0	123	2
1	123	0
2	123	0
3	123	0
4	123	2
5	123	0
6	123	2
7	123	0
0	124	2
1	124	2
2	124	0
3	124	2
4	124	2
5	124	2
6	124	1
7	124	2
0	125	0
1	125	0
2	125	2
3	125	2
4	125	2
5	125	0
6	125	1
7	125	2
0	126	2
1	126	1
2	126	1
3	126	1
4	126	1
5	126	1
6	126	1
7	126	2
0	127	2
1	127	2
2	127	2
3	127	2
4	127	2
5	127	1
6	127	0
7	127	2
0	128	0
1	128	2
2	128	2
3	128	0
4	128	1
5	128	0
6	128	2
7	128	2
0	129	0
1	129	2
2	129	0
3	129	2
4	129	2
5	129	0
6	129	0
7	129	2
0	130	1
1	130	1
2	130	2
3	130	2
4	130	1
5	130	0
6	130	1
7	130	2
0	131	2
1	131	0
2	131	2
3	131	0
4	131	2
5	131	2
6	131	2
7	131	2
0	132	0
1	132	2
2	132	2
3	132	2
4	132	2
5	132	2
6	132	2
7	132	0
0	133	2
1	133	0
2	133	2
3	133	0
4	133	2
5	133	2
6	133	0
7	133	2
0	134	0
1	134	1
2	134	2
3	134	2
4	134	2
5	134	0
6	134	0
7	134	0
0	135	2
1	135	2
2	135	2
3	135	2
4	135	2
5	135	2
6	135	0
7	135	2
0	136	2
1	136	0
2	136	2
3	136	2
4	136	0
5	136	2
6	136	2
7	136	2
0	137	2
1	137	2
2	137	0
3	137	2
4	137	2
5	137	0
6	137	0
7	137	0
0	138	2
1	138	2
2	138	0
3	138	0
4	138	0
5	138	0
6	138	2
7	138	2
0	139	2
1	139	2
2	139	2
3	139	2
4	139	0
5	139	0
6	139	2
7	139	2
0	140	2
1	140	2
2	140	1
3	140	0
4	140	0
5	140	2
6	140	2
7	140	2
0	141	2
1	141	2
2	141	2
3	141	2
4	141	2
5	141	2
6	141	2
7	141	2
0	142	2
1	142	0
2	142	0
3	142	2
4	142	2
5	142	2
6	142	1
7	142	2
0	143	2
1	143	0
2	143	2
3	143	2
4	143	2
5	143	1
6	143	0
7	143	2
0	144	2
1	144	0
2	144	1
3	144	2
4	144	2
5	144	0
6	144	0
7	144	1
0	145	2
1	145	0
2	145	2
3	145	0
4	145	2
5	145	1
6	145	0
7	145	2
0	146	0
1	146	2
2	146	1
3	146	0
4	146	0
5	146	2
6	146	2
7	146	0
0	147	2
1	147	1
2	147	2
3	147	2
4	147	2
5	147	2
6	147	2
7	147	2
0	148	0
1	148	0
2	148	0
3	148	2
4	148	2
5	148	2
6	148	2
7	148	2
0	149	2
1	149	2
2	149	2
3	149	0
4	149	2
5	149	2
6	149	2
7	149	2
0	150	0
1	150	2
2	150	1
3	150	0
4	150	0
5	150	0
6	150	0
7	150	0
0	151	0
1	151	2
2	151	0
3	151	0
4	151	0
5	151	0
6	151	1
7	151	2
0	152	2
1	152	0
2	152	0
3	152	0
4	152	0
5	152	0
6	152	0
7	152	2
0	153	1
1	153	1
2	153	1
3	153	1
4	153	0
5	153	2
6	153	2
7	153	0
0	154	0
1	154	2
2	154	2
3	154	2
4	154	0
5	154	2
6	154	1
7	154	2
0	155	0
1	155	0
2	155	0
3	155	2
4	155	0
5	155	2
6	155	2
7	155	2
0	156	1
1	156	1
2	156	1
3	156	1
4	156	1
5	156	2
6	156	2
7	156	1
0	157	2
1	157	2
2	157	0
3	157	0
4	157	2
5	157	2
6	157	0
7	157	1
0	158	0
1	158	0
2	158	0
3	158	2
4	158	0
5	158	0
6	158	0
7	158	0
0	159	2
1	159	0
2	159	2
3	159	2
4	159	2
5	159	2
6	159	2
7	159	2
0	160	2
1	160	0
2	160	1
3	160	0
4	160	0
5	160	0
6	160	2
7	160	0
0	161	2
1	161	0
2	161	2
3	161	0
4	161	2
5	161	0
6	161	2
7	161	0
0	162	0
1	162	0
2	162	2
3	162	0
4	162	2
5	162	2
6	162	2
7	162	2
0	163	0
1	163	2
2	163	0
3	163	2
4	163	2
5	163	2
6	163	0
7	163	2
0	164	0
1	164	0
2	164	0
3	164	2
4	164	2
5	164	1
6	164	0
7	164	0
0	165	1
1	165	1
2	165	0
3	165	1
4	165	1
5	165	2
6	165	0
7	165	1
0	166	2
1	166	2
2	166	0
3	166	0
4	166	2
5	166	0
6	166	2
7	166	2
0	167	0
1	167	0
2	167	2
3	167	0
4	167	0
5	167	2
6	167	2
7	167	2
0	168	2
1	168	2
2	168	0
3	168	2
4	168	2
5	168	2
6	168	0
7	168	2
0	169	2
1	169	0
2	169	2
3	169	2
4	169	2
5	169	2
6	169	0
7	169	0
0	170	2
1	170	2
2	170	0
3	170	0
4	170	2
5	170	1
6	170	2
7	170	2
0	171	0
1	171	1
2	171	0
3	171	1
4	171	0
5	171	0
6	171	2
7	171	0
0	172	1
1	172	0
2	172	2
3	172	2
4	172	2
5	172	2
6	172	2
7	172	2
0	173	0
1	173	0
2	173	2
3	173	0
4	173	2
5	173	0
6	173	2
7	173	2
0	174	2
1	174	1
2	174	2
3	174	0
4	174	0
5	174	2
6	174	2
7	174	0
0	175	2
1	175	0
2	175	2
3	175	0
4	175	0
5	175	2
6	175	0
7	175	1
0	176	0
1	176	2
2	176	2
3	176	0
4	176	0
5	176	2
6	176	2
7	176	2
0	177	0
1	177	2
2	177	0
3	177	0
4	177	0
5	177	0
6	177	2
7	177	0
0	178	2
1	178	0
2	178	0
3	178	2
4	178	2
5	178	0
6	178	0
7	178	0
0	179	0
1	179	1
2	179	0
3	179	0
4	179	2
5	179	0
6	179	2
7	179	2
0	180	0
1	180	2
2	180	2
3	180	0
4	180	0
5	180	2
6	180	0
7	180	0
0	181	0
1	181	0
2	181	0
3	181	0
4	181	2
5	181	0
6	181	0
7	181	0
0	182	0
1	182	2
2	182	1
3	182	1
4	182	1
5	182	1
6	182	1
7	182	1
0	183	2
1	183	2
2	183	0
3	183	0
4	183	2
5	183	2
6	183	2
7	183	2
0	184	0
1	184	0
2	184	2
3	184	2
4	184	0
5	184	2
6	184	2
7	184	0
0	185	1
1	185	2
2	185	0
3	185	0
4	185	0
5	185	0
6	185	1
7	185	2
0	186	1
1	186	2
2	186	0
3	186	1
4	186	0
5	186	1
6	186	0
7	186	1
0	187	0
1	187	0
2	187	0
3	187	2
4	187	2
5	187	2
6	187	2
7	187	2
0	188	2
1	188	0
2	188	2
3	188	2
4	188	2
5	188	1
6	188	2
7	188	2
0	189	2
1	189	2
2	189	2
3	189	2
4	189	2
5	189	2
6	189	2
7	189	0
0	190	2
1	190	2
2	190	2
3	190	0
4	190	2
5	190	0
6	190	0
7	190	0
0	191	0
1	191	2
2	191	2
3	191	0
4	191	2
5	191	0
6	191	2
7	191	2
0	192	2
1	192	0
2	192	2
3	192	2
4	192	2
5	192	2
6	192	0
7	192	2
0	193	2
1	193	2
2	193	1
3	193	0
4	193	2
5	193	2
6	193	0
7	193	2
0	194	0
1	194	2
2	194	2
3	194	2
4	194	0
5	194	0
6	194	0
7	194	0
0	195	1
1	195	2
2	195	2
3	195	0
4	195	0
5	195	0
6	195	2
7	195	2
0	196	1
1	196	0
2	196	0
3	196	2
4	196	2
5	196	2
6	196	0
7	196	2
0	197	2
1	197	0
2	197	2
3	197	2
4	197	0
5	197	2
6	197	2
7	197	0
0	198	2
1	198	0
2	198	2
3	198	2
4	198	2
5	198	2
6	198	0
7	198	2
0	199	2
1	199	0
2	199	2
3	199	2
4	199	1
5	199	2
6	199	2
7	199	2
0	200	0
1	200	0
2	200	1
3	200	0
4	200	0
5	200	2
6	200	2
7	200	0
0	201	0
1	201	0
2	201	0
3	201	0
4	201	0
5	201	0
6	201	2
7	201	0
0	202	2
1	202	2
2	202	2
3	202	2
4	202	0
5	202	0
6	202	2
7	202	2
0	203	0
1	203	0
2	203	0
3	203	0
4	203	2
5	203	0
6	203	0
7	203	0
0	204	2
1	204	0
2	204	0
3	204	0
4	204	2
5	204	0
6	204	0
7	204	0
0	205	0
1	205	0
2	205	2
3	205	2
4	205	2
5	205	2
6	205	2
7	205	1
0	206	0
1	206	2
2	206	0
3	206	2
4	206	2
5	206	2
6	206	1
7	206	1
0	207	0
1	207	2
2	207	0
3	207	0
4	207	0
5	207	1
6	207	2
7	207	0
0	208	2
1	208	0
2	208	1
3	208	1
4	208	1
5	208	1
6	208	1
7	208	1
0	209	0
1	209	2
2	209	0
3	209	2
4	209	1
5	209	2
6	209	2
7	209	0
0	210	0
1	210	0
2	210	0
3	210	0
4	210	2
5	210	0
6	210	0
7	210	2
0	211	0
1	211	0
2	211	0
3	211	0
4	211	0
5	211	0
6	211	1
7	211	0
0	212	2
1	212	0
2	212	0
3	212	2
4	212	2
5	212	2
6	212	2
7	212	2
0	213	0
1	213	1
2	213	0
3	213	2
4	213	2
5	213	2
6	213	0
7	213	0
0	214	0
1	214	1
2	214	0
3	214	2
4	214	0
5	214	2
6	214	2
7	214	2
0	215	0
1	215	0
2	215	0
3	215	1
4	215	0
5	215	0
6	215	2
7	215	0
0	216	1
1	216	0
2	216	2
3	216	1
4	216	1
5	216	1
6	216	2
7	216	1
0	217	2
1	217	0
2	217	0
3	217	2
4	217	0
5	217	0
6	217	0
7	217	2
0	218	2
1	218	0
2	218	2
3	218	2
4	218	2
5	218	2
6	218	2
7	218	2
0	219	2
1	219	2
2	219	2
3	219	2
4	219	2
5	219	0
6	219	0
7	219	0
0	220	0
1	220	0
2	220	2
3	220	2
4	220	0
5	220	0
6	220	2
7	220	0
0	221	2
1	221	0
2	221	2
3	221	2
4	221	2
5	221	2
6	221	0
7	221	2
0	222	2
1	222	0
2	222	2
3	222	0
4	222	0
5	222	2
6	222	2
7	222	2
0	223	2
1	223	2
2	223	1
3	223	2
4	223	2
5	223	0
6	223	0
7	223	2
0	224	2
1	224	2
2	224	2
3	224	0
4	224	0
5	224	1
6	224	2
7	224	2
0	225	0
1	225	0
2	225	0
3	225	0
4	225	2
5	225	0
6	225	2
7	225	0
0	226	0
1	226	0
2	226	0
3	226	0
4	226	2
5	226	0
6	226	0
7	226	0
0	227	0
1	227	0
2	227	2
3	227	0
4	227	0
5	227	2
6	227	2
7	227	2
0	228	2
1	228	1
2	228	0
3	228	0
4	228	0
5	228	0
6	228	0
7	228	0
0	229	0
1	229	0
2	229	1
3	229	0
4	229	0
5	229	0
6	229	2
7	229	0
0	230	0
1	230	0
2	230	0
3	230	0
4	230	0
5	230	0
6	230	0
7	230	2
0	231	2
1	231	0
2	231	0
3	231	2
4	231	2
5	231	2
6	231	0
7	231	0
0	232	0
1	232	2
2	232	2
3	232	0
4	232	0
5	232	0
6	232	0
7	232	0
0	233	0
1	233	0
2	233	0
3	233	0
4	233	0
5	233	0
6	233	0
7	233	2
0	234	0
1	234	2
2	234	1
3	234	0
4	234	1
5	234	1
6	234	1
7	234	0
0	235	0
1	235	0
2	235	0
3	235	0
4	235	0
5	235	2
6	235	1
7	235	2
0	236	2
1	236	0
2	236	0
3	236	0
4	236	1
5	236	2
6	236	0
7	236	0
0	237	0
1	237	2
2	237	2
3	237	0
4	237	2
5	237	0
6	237	0
7	237	2
0	238	2
1	238	2
2	238	2
3	238	0
4	238	2
5	238	2
6	238	0
7	238	0
0	239	2
1	239	0
2	239	0
3	239	2
4	239	2
5	239	2
6	239	1
7	239	2
0	240	0
1	240	2
2	240	2
3	240	0
4	240	0
5	240	2
6	240	0
7	240	2
0	241	0
1	241	2
2	241	0
3	241	0
4	241	0
5	241	0
6	241	0
7	241	0
0	242	2
1	242	2
2	242	1
3	242	0
4	242	0
5	242	2
6	242	1
7	242	2
0	243	2
1	243	2
2	243	0
3	243	2
4	243	2
5	243	2
6	243	1
7	243	2
0	244	2
1	244	2
2	244	0
3	244	2
4	244	2
5	244	2
6	244	0
7	244	2
0	245	0
1	245	1
2	245	0
3	245	0
4	245	0
5	245	2
6	245	1
7	245	0
0	246	2
1	246	1
2	246	0
3	246	2
4	246	1
5	246	1
6	246	1
7	246	2
0	247	2
1	247	0
2	247	2
3	247	2
4	247	2
5	247	2
6	247	0
7	247	2
0	248	2
1	248	1
2	248	0
3	248	1
4	248	2
5	248	2
6	248	2
7	248	0
0	249	0
1	249	0
2	249	2
3	249	0
4	249	2
5	249	0
6	249	0
7	249	2
0	250	2
1	250	0
2	250	1
3	250	1
4	250	0
5	250	2
6	250	2
7	250	2
0	251	2
1	251	1
2	251	2
3	251	0
4	251	0
5	251	0
6	251	0
7	251	0
0	252	0
1	252	2
2	252	2
3	252	2
4	252	1
5	252	1
6	252	1
7	252	0
0	253	2
1	253	0
2	253	0
3	253	2
4	253	2
5	253	2
6	253	2
7	253	2
0	254	2
1	254	0
2	254	2
3	254	2
4	254	2
5	254	2
6	254	2
7	254	0
0	255	0
1	255	2
2	255	2
3	255	2
4	255	0
5	255	2
6	255	2
7	255	2
0	256	2
1	256	1
2	256	2
3	256	2
4	256	2
5	256	2
6	256	1
7	256	2
0	257	2
1	257	2
2	257	2
3	257	2
4	257	0
5	257	2
6	257	2
7	257	2
0	258	2
1	258	2
2	258	2
3	258	2
4	258	2
5	258	0
6	258	2
7	258	2
0	259	2
1	259	0
2	259	2
3	259	1
4	259	0
5	259	1
6	259	0
7	259	0
0	260	1
1	260	1
2	260	2
3	260	1
4	260	1
5	260	1
6	260	1
7	260	1
0	261	2
1	261	0
2	261	2
3	261	0
4	261	0
5	261	2
6	261	0
7	261	0
0	262	0
1	262	0
2	262	2
3	262	2
4	262	0
5	262	2
6	262	2
7	262	0
0	263	2
1	263	2
2	263	2
3	263	2
4	263	2
5	263	0
6	263	2
7	263	2
0	264	2
1	264	2
2	264	0
3	264	2
4	264	2
5	264	0
6	264	0
7	264	2
0	265	0
1	265	0
2	265	2
3	265	2
4	265	2
5	265	2
6	265	0
7	265	2
0	266	2
1	266	2
2	266	2
3	266	0
4	266	0
5	266	2
6	266	2
7	266	2
0	267	2
1	267	0
2	267	2
3	267	2
4	267	2
5	267	0
6	267	2
7	267	2
0	268	1
1	268	2
2	268	2
3	268	0
4	268	0
5	268	0
6	268	2
7	268	2
0	269	0
1	269	0
2	269	2
3	269	2
4	269	0
5	269	2
6	269	0
7	269	2
0	270	2
1	270	0
2	270	0
3	270	0
4	270	2
5	270	2
6	270	0
7	270	2
0	271	2
1	271	0
2	271	1
3	271	0
4	271	0
5	271	2
6	271	2
7	271	0
0	272	2
1	272	2
2	272	2
3	272	2
4	272	2
5	272	0
6	272	2
7	272	2
0	273	2
1	273	2
2	273	0
3	273	2
4	273	2
5	273	2
6	273	0
7	273	2
0	274	2
1	274	2
2	274	0
3	274	2
4	274	0
5	274	0
6	274	0
7	274	1
0	275	0
1	275	2
2	275	2
3	275	0
4	275	0
5	275	0
6	275	2
7	275	0
0	276	2
1	276	0
2	276	0
3	276	0
4	276	0
5	276	0
6	276	0
7	276	1
0	277	1
1	277	2
2	277	0
3	277	2
4	277	0
5	277	0
6	277	2
7	277	0
0	278	0
1	278	2
2	278	0
3	278	2
4	278	0
5	278	1
6	278	0
7	278	0
0	279	0
1	279	0
2	279	0
3	279	0
4	279	1
5	279	0
6	279	0
7	279	0
0	280	0
1	280	2
2	280	0
3	280	2
4	280	0
5	280	2
6	280	2
7	280	0
0	281	0
1	281	0
2	281	0
3	281	2
4	281	2
5	281	0
6	281	0
7	281	0
0	282	0
1	282	0
2	282	2
3	282	1
4	282	1
5	282	1
6	282	0
7	282	1
0	283	2
1	283	2
2	283	2
3	283	0
4	283	0
5	283	2
6	283	1
7	283	2
0	284	2
1	284	2
2	284	0
3	284	0
4	284	2
5	284	2
6	284	0
7	284	2
0	285	0
1	285	0
2	285	0
3	285	0
4	285	0
5	285	2
6	285	0
7	285	0
0	286	1
1	286	1
2	286	1
3	286	1
4	286	0
5	286	2
6	286	2
7	286	1
0	287	2
1	287	2
2	287	0
3	287	0
4	287	2
5	287	2
6	287	1
7	287	2
0	288	1
1	288	2
2	288	2
3	288	2
4	288	2
5	288	2
6	288	2
7	288	2
0	289	2
1	289	0
2	289	0
3	289	2
4	289	0
5	289	2
6	289	2
7	289	0
0	290	2
1	290	0
2	290	2
3	290	2
4	290	0
5	290	2
6	290	0
7	290	2
0	291	0
1	291	0
2	291	0
3	291	2
4	291	2
5	291	2
6	291	0
7	291	2
0	292	2
1	292	2
2	292	2
3	292	2
4	292	2
5	292	0
6	292	0
7	292	2
0	293	2
1	293	1
2	293	0
3	293	0
4	293	2
5	293	2
6	293	0
7	293	2
0	294	2
1	294	0
2	294	2
3	294	2
4	294	0
5	294	2
6	294	0
7	294	1
0	295	2
1	295	2
2	295	0
3	295	0
4	295	0
5	295	0
6	295	1
7	295	0
0	296	0
1	296	2
2	296	0
3	296	2
4	296	0
5	296	2
6	296	2
7	296	2
0	297	0
1	297	0
2	297	0
3	297	0
4	297	2
5	297	2
6	297	0
7	297	2
0	298	2
1	298	0
2	298	0
3	298	0
4	298	2
5	298	0
6	298	2
7	298	0
0	299	2
1	299	0
2	299	0
3	299	0
4	299	0
5	299	2
6	299	2
7	299	2
0	300	0
1	300	0
2	300	0
3	300	1
4	300	1
5	300	0
6	300	0
7	300	2
0	301	2
1	301	2
2	301	2
3	301	2
4	301	0
5	301	0
6	301	2
7	301	2
0	302	2
1	302	2
2	302	0
3	302	0
4	302	0
5	302	2
6	302	1
7	302	2
0	303	1
1	303	0
2	303	2
3	303	0
4	303	0
5	303	0
6	303	0
7	303	2
0	304	0
1	304	1
2	304	0
3	304	0
4	304	2
5	304	0
6	304	2
7	304	0
0	305	0
1	305	0
2	305	0
3	305	2
4	305	0
5	305	0
6	305	0
7	305	2
0	306	0
1	306	2
2	306	0
3	306	1
4	306	0
5	306	2
6	306	2
7	306	0
0	307	0
1	307	0
2	307	0
3	307	1
4	307	0
5	307	0
6	307	0
7	307	0
0	308	0
1	308	0
2	308	2
3	308	0
4	308	0
5	308	0
6	308	2
7	308	2
0	309	2
1	309	0
2	309	0
3	309	2
4	309	2
5	309	2
6	309	0
7	309	0
0	310	0
1	310	2
2	310	2
3	310	2
4	310	0
5	310	2
6	310	0
7	310	0
0	311	0
1	311	0
2	311	2
3	311	0
4	311	0
5	311	0
6	311	2
7	311	0
0	312	1
1	312	1
2	312	2
3	312	1
4	312	1
5	312	1
6	312	1
7	312	1
0	313	2
1	313	0
2	313	0
3	313	1
4	313	2
5	313	0
6	313	2
7	313	2
0	314	0
1	314	2
2	314	2
3	314	1
4	314	2
5	314	0
6	314	0
7	314	0
0	315	0
1	315	2
2	315	0
3	315	0
4	315	2
5	315	0
6	315	0
7	315	0
0	316	0
1	316	0
2	316	2
3	316	0
4	316	2
5	316	0
6	316	0
7	316	0
0	317	2
1	317	0
2	317	2
3	317	2
4	317	2
5	317	1
6	317	0
7	317	2
0	318	2
1	318	2
2	318	0
3	318	2
4	318	2
5	318	2
6	318	0
7	318	2
0	319	2
1	319	2
2	319	0
3	319	2
4	319	0
5	319	2
6	319	0
7	319	2
0	320	0
1	320	2
2	320	0
3	320	0
4	320	0
5	320	2
6	320	2
7	320	1
0	321	2
1	321	2
2	321	0
3	321	0
4	321	1
5	321	0
6	321	1
7	321	2
0	322	2
1	322	0
2	322	0
3	322	2
4	322	0
5	322	2
6	322	2
7	322	2
0	323	2
1	323	0
2	323	0
3	323	2
4	323	2
5	323	2
6	323	2
7	323	0
0	324	2
1	324	1
2	324	0
3	324	2
4	324	2
5	324	2
6	324	0
7	324	2
0	325	0
1	325	0
2	325	0
3	325	0
4	325	0
5	325	0
6	325	2
7	325	0
0	326	0
1	326	0
2	326	2
3	326	0
4	326	0
5	326	0
6	326	0
7	326	0
0	327	0
1	327	0
2	327	0
3	327	0
4	327	1
5	327	0
6	327	2
7	327	0
0	328	0
1	328	0
2	328	0
3	328	2
4	328	2
5	328	0
6	328	0
7	328	0
0	329	2
1	329	2
2	329	2
3	329	0
4	329	0
5	329	0
6	329	0
7	329	0
0	330	0
1	330	2
2	330	0
3	330	0
4	330	0
5	330	0
6	330	2
7	330	1
0	331	0
1	331	0
2	331	0
3	331	2
4	331	0
5	331	2
6	331	2
7	331	1
0	332	2
1	332	2
2	332	1
3	332	1
4	332	0
5	332	0
6	332	0
7	332	2
0	333	0
1	333	2
2	333	1
3	333	0
4	333	0
5	333	0
6	333	2
7	333	2
0	334	2
1	334	0
2	334	0
3	334	0
4	334	0
5	334	0
6	334	2
7	334	0
0	335	2
1	335	0
2	335	0
3	335	0
4	335	2
5	335	0
6	335	2
7	335	0
0	336	0
1	336	0
2	336	0
3	336	0
4	336	0
5	336	2
6	336	0
7	336	0
0	337	0
1	337	0
2	337	2
3	337	2
4	337	0
5	337	0
6	337	0
7	337	0
0	338	1
1	338	2
2	338	0
3	338	1
4	338	1
5	338	1
6	338	2
7	338	1
0	339	2
1	339	2
2	339	2
3	339	0
4	339	2
5	339	2
6	339	1
7	339	2
0	340	0
1	340	2
2	340	1
3	340	0
4	340	0
5	340	1
6	340	0
7	340	0
0	341	2
1	341	2
2	341	2
3	341	0
4	341	0
5	341	0
6	341	0
7	341	0
0	342	1
1	342	1
2	342	2
3	342	0
4	342	1
5	342	1
6	342	1
7	342	1
0	343	2
1	343	2
2	343	0
3	343	2
4	343	2
5	343	2
6	343	2
7	343	2
0	344	2
1	344	2
2	344	0
3	344	2
4	344	2
5	344	2
6	344	0
7	344	1
0	345	0
1	345	0
2	345	2
3	345	0
4	345	0
5	345	0
6	345	0
7	345	0
0	346	2
1	346	2
2	346	0
3	346	0
4	346	0
5	346	0
6	346	0
7	346	2
0	347	0
1	347	2
2	347	2
3	347	2
4	347	2
5	347	2
6	347	1
7	347	1
0	348	2
1	348	2
2	348	1
3	348	2
4	348	2
5	348	2
6	348	2
7	348	2
0	349	0
1	349	1
2	349	2
3	349	0
4	349	2
5	349	0
6	349	2
7	349	1
0	350	0
1	350	0
2	350	0
3	350	2
4	350	0
5	350	1
6	350	2
7	350	0
0	351	0
1	351	2
2	351	2
3	351	2
4	351	0
5	351	0
6	351	0
7	351	0
0	352	2
1	352	2
2	352	0
3	352	0
4	352	2
5	352	0
6	352	0
7	352	1
0	353	0
1	353	2
2	353	0
3	353	0
4	353	2
5	353	0
6	353	0
7	353	0
0	354	0
1	354	0
2	354	0
3	354	0
4	354	2
5	354	0
6	354	2
7	354	0
0	355	0
1	355	1
2	355	0
3	355	0
4	355	0
5	355	0
6	355	0
7	355	0
0	356	1
1	356	2
2	356	0
3	356	0
4	356	2
5	356	0
6	356	2
7	356	2
0	357	2
1	357	2
2	357	0
3	357	2
4	357	0
5	357	2
6	357	0
7	357	0
0	358	2
1	358	0
2	358	2
3	358	0
4	358	2
5	358	2
6	358	0
7	358	2
0	359	2
1	359	0
2	359	0
3	359	1
4	359	0
5	359	0
6	359	2
7	359	2
0	360	2
1	360	2
2	360	2
3	360	0
4	360	2
5	360	0
6	360	2
7	360	0
0	361	0
1	361	0
2	361	0
3	361	2
4	361	0
5	361	2
6	361	0
7	361	2
0	362	2
1	362	0
2	362	0
3	362	0
4	362	0
5	362	0
6	362	2
7	362	0
0	363	2
1	363	2
2	363	2
3	363	0
4	363	0
5	363	0
6	363	0
7	363	0
0	364	0
1	364	0
2	364	1
3	364	1
4	364	1
5	364	0
6	364	0
7	364	1
0	365	0
1	365	2
2	365	2
3	365	0
4	365	0
5	365	0
6	365	2
7	365	0
0	366	0
1	366	0
2	366	0
3	366	2
4	366	0
5	366	0
6	366	0
7	366	0
0	367	2
1	367	0
2	367	2
3	367	0
4	367	0
5	367	2
6	367	0
7	367	2
0	368	2
1	368	2
2	368	0
3	368	2
4	368	2
5	368	0
6	368	0
7	368	0
0	369	2
1	369	2
2	369	0
3	369	2
4	369	2
5	369	2
6	369	2
7	369	2
0	370	0
1	370	2
2	370	0
3	370	2
4	370	0
5	370	0
6	370	2
7	370	0
0	371	0
1	371	0
2	371	0
3	371	2
4	371	0
5	371	0
6	371	2
7	371	2
0	372	1
1	372	2
2	372	1
3	372	1
4	372	1
5	372	1
6	372	0
7	372	2
0	373	2
1	373	2
2	373	2
3	373	0
4	373	0
5	373	2
6	373	2
7	373	2
0	374	0
1	374	1
2	374	2
3	374	2
4	374	0
5	374	0
6	374	1
7	374	0
0	375	0
1	375	0
2	375	0
3	375	0
4	375	0
5	375	0
6	375	2
7	375	2
0	376	2
1	376	2
2	376	2
3	376	2
4	376	1
5	376	2
6	376	0
7	376	2
0	377	0
1	377	2
2	377	1
3	377	0
4	377	2
5	377	0
6	377	2
7	377	0
0	378	0
1	378	0
2	378	2
3	378	1
4	378	1
5	378	1
6	378	1
7	378	2
0	379	2
1	379	0
2	379	2
3	379	2
4	379	2
5	379	0
6	379	2
7	379	2
0	380	2
1	380	0
2	380	2
3	380	2
4	380	2
5	380	2
6	380	0
7	380	0
0	381	1
1	381	0
2	381	1
3	381	0
4	381	1
5	381	1
6	381	0
7	381	1
0	382	1
1	382	2
2	382	1
3	382	2
4	382	2
5	382	2
6	382	2
7	382	2
0	383	0
1	383	0
2	383	0
3	383	2
4	383	2
5	383	0
6	383	2
7	383	2
0	384	1
1	384	2
2	384	2
3	384	2
4	384	2
5	384	2
6	384	0
7	384	0
0	385	2
1	385	0
2	385	0
3	385	2
4	385	0
5	385	2
6	385	0
7	385	0
0	386	1
1	386	0
2	386	2
3	386	0
4	386	2
5	386	0
6	386	2
7	386	2
0	387	2
1	387	0
2	387	1
3	387	2
4	387	2
5	387	1
6	387	1
7	387	2
0	388	2
1	388	0
2	388	2
3	388	2
4	388	2
5	388	2
6	388	2
7	388	2
0	389	2
1	389	2
2	389	2
3	389	0
4	389	2
5	389	2
6	389	2
7	389	0
0	390	1
1	390	0
2	390	1
3	390	1
4	390	2
5	390	2
6	390	1
7	390	1
0	391	2
1	391	2
2	391	2
3	391	2
4	391	2
5	391	0
6	391	2
7	391	0
0	392	0
1	392	0
2	392	2
3	392	0
4	392	2
5	392	0
6	392	2
7	392	2
0	393	0
1	393	2
2	393	2
3	393	0
4	393	2
5	393	0
6	393	2
7	393	2
0	394	2
1	394	2
2	394	0
3	394	2
4	394	2
5	394	2
6	394	2
7	394	2
0	395	2
1	395	2
2	395	0
3	395	0
4	395	0
5	395	2
6	395	2
7	395	2
0	396	2
1	396	2
2	396	2
3	396	2
4	396	2
5	396	0
6	396	0
7	396	2
0	397	2
1	397	2
2	397	2
3	397	0
4	397	2
5	397	2
6	397	0
7	397	2
0	398	0
1	398	2
2	398	2
3	398	0
4	398	1
5	398	2
6	398	0
7	398	0
0	399	2
1	399	0
2	399	0
3	399	1
4	399	2
5	399	0
6	399	2
7	399	2
0	400	1
1	400	2
2	400	0
3	400	2
4	400	0
5	400	2
6	400	2
7	400	0
0	401	0
1	401	0
2	401	2
3	401	2
4	401	0
5	401	0
6	401	0
7	401	0
0	402	0
1	402	2
2	402	0
3	402	2
4	402	2
5	402	0
6	402	1
7	402	0
0	403	2
1	403	0
2	403	2
3	403	0
4	403	0
5	403	0
6	403	2
7	403	1
0	404	2
1	404	0
2	404	2
3	404	2
4	404	0
5	404	0
6	404	0
7	404	0
0	405	0
1	405	0
2	405	0
3	405	0
4	405	2
5	405	0
6	405	0
7	405	0
0	406	2
1	406	2
2	406	2
3	406	1
4	406	0
5	406	0
6	406	0
7	406	0
0	407	0
1	407	0
2	407	2
3	407	0
4	407	0
5	407	0
6	407	2
7	407	0
0	408	1
1	408	1
2	408	0
3	408	0
4	408	1
5	408	1
6	408	1
7	408	2
0	409	2
1	409	2
2	409	2
3	409	2
4	409	2
5	409	2
6	409	0
7	409	2
0	410	0
1	410	0
2	410	0
3	410	0
4	410	2
5	410	2
6	410	1
7	410	0
0	411	2
1	411	2
2	411	2
3	411	0
4	411	2
5	411	0
6	411	2
7	411	0
0	412	2
1	412	0
2	412	0
3	412	2
4	412	0
5	412	2
6	412	2
7	412	0
0	413	2
1	413	2
2	413	2
3	413	2
4	413	0
5	413	2
6	413	0
7	413	0
0	414	2
1	414	0
2	414	2
3	414	2
4	414	2
5	414	2
6	414	0
7	414	2
0	415	2
1	415	2
2	415	2
3	415	2
4	415	0
5	415	0
6	415	0
7	415	2
0	416	1
1	416	0
2	416	1
3	416	1
4	416	1
5	416	0
6	416	1
7	416	1
0	417	2
1	417	2
2	417	2
3	417	2
4	417	2
5	417	2
6	417	1
7	417	2
0	418	0
1	418	1
2	418	0
3	418	2
4	418	1
5	418	2
6	418	2
7	418	0
0	419	0
1	419	2
2	419	2
3	419	2
4	419	2
5	419	0
6	419	2
7	419	2
0	420	0
1	420	0
2	420	1
3	420	2
4	420	0
5	420	2
6	420	0
7	420	0
0	421	2
1	421	0
2	421	2
3	421	2
4	421	2
5	421	2
6	421	2
7	421	2
0	422	0
1	422	2
2	422	2
3	422	2
4	422	1
5	422	2
6	422	0
7	422	2
0	423	0
1	423	0
2	423	0
3	423	2
4	423	0
5	423	2
6	423	2
7	423	2
0	424	2
1	424	2
2	424	0
3	424	2
4	424	2
5	424	2
6	424	0
7	424	0
0	425	0
1	425	1
2	425	0
3	425	0
4	425	0
5	425	2
6	425	0
7	425	1
0	426	0
1	426	0
2	426	2
3	426	2
4	426	0
5	426	1
6	426	0
7	426	0
0	427	0
1	427	0
2	427	0
3	427	0
4	427	0
5	427	0
6	427	2
7	427	2
0	428	2
1	428	2
2	428	0
3	428	2
4	428	0
5	428	0
6	428	2
7	428	0
0	429	0
1	429	0
2	429	0
3	429	0
4	429	2
5	429	0
6	429	2
7	429	0
0	430	0
1	430	1
2	430	0
3	430	2
4	430	2
5	430	0
6	430	2
7	430	0
0	431	0
1	431	0
2	431	2
3	431	2
4	431	2
5	431	1
6	431	0
7	431	0
0	432	0
1	432	2
2	432	0
3	432	0
4	432	0
5	432	0
6	432	0
7	432	2
0	433	0
1	433	2
2	433	2
3	433	1
4	433	0
5	433	0
6	433	0
7	433	0
0	434	2
1	434	0
2	434	1
3	434	0
4	434	0
5	434	0
6	434	2
7	434	2
0	435	2
1	435	0
2	435	2
3	435	2
4	435	2
5	435	2
6	435	2
7	435	0
0	436	2
1	436	2
2	436	0
3	436	0
4	436	0
5	436	0
6	436	0
7	436	0
0	437	2
1	437	2
2	437	0
3	437	2
4	437	0
5	437	1
6	437	0
7	437	0
0	438	1
1	438	1
2	438	0
3	438	1
4	438	1
5	438	2
6	438	2
7	438	1
0	439	0
1	439	2
2	439	2
3	439	0
4	439	2
5	439	2
6	439	2
7	439	2
0	440	0
1	440	0
2	440	0
3	440	0
4	440	1
5	440	0
6	440	2
7	440	0
0	441	0
1	441	0
2	441	2
3	441	2
4	441	0
5	441	0
6	441	2
7	441	1
0	442	1
1	442	2
2	442	1
3	442	1
4	442	1
5	442	1
6	442	1
7	442	2
0	443	2
1	443	2
2	443	2
3	443	2
4	443	0
5	443	2
6	443	0
7	443	0
0	444	0
1	444	2
2	444	0
3	444	0
4	444	2
5	444	2
6	444	0
7	444	2
0	445	0
1	445	2
2	445	0
3	445	0
4	445	2
5	445	0
6	445	2
7	445	0
0	446	0
1	446	2
2	446	2
3	446	2
4	446	0
5	446	2
6	446	2
7	446	0
0	447	2
1	447	2
2	447	2
3	447	2
4	447	2
5	447	2
6	447	0
7	447	0
0	448	2
1	448	2
2	448	0
3	448	2
4	448	2
5	448	2
6	448	2
7	448	0
0	449	2
1	449	2
2	449	0
3	449	2
4	449	2
5	449	2
6	449	0
7	449	2
0	450	2
1	450	0
2	450	2
3	450	0
4	450	0
5	450	0
6	450	0
7	450	2
0	451	2
1	451	1
2	451	0
3	451	2
4	451	0
5	451	2
6	451	2
7	451	0
0	452	0
1	452	0
2	452	0
3	452	2
4	452	0
5	452	0
6	452	0
7	452	0
0	453	0
1	453	2
2	453	0
3	453	2
4	453	0
5	453	0
6	453	2
7	453	0
0	454	2
1	454	2
2	454	0
3	454	2
4	454	0
5	454	0
6	454	2
7	454	2
0	455	0
1	455	2
2	455	0
3	455	0
4	455	0
5	455	2
6	455	0
7	455	0
0	456	0
1	456	0
2	456	2
3	456	0
4	456	2
5	456	0
6	456	0
7	456	0
0	457	0
1	457	2
2	457	0
3	457	0
4	457	2
5	457	0
6	457	0
7	457	0
0	458	0
1	458	2
2	458	2
3	458	0
4	458	0
5	458	2
6	458	0
7	458	0
0	459	0
1	459	0
2	459	2
3	459	0
4	459	0
5	459	0
6	459	2
7	459	0
0	460	0
1	460	1
2	460	2
3	460	0
4	460	0
5	460	0
6	460	0
7	460	0
0	461	0
1	461	2
2	461	0
3	461	1
4	461	0
5	461	0
6	461	0
7	461	0
0	462	0
1	462	2
2	462	1
3	462	0
4	462	0
5	462	0
6	462	2
7	462	0
0	463	2
1	463	0
2	463	0
3	463	2
4	463	2
5	463	0
6	463	0
7	463	0
0	464	0
1	464	2
2	464	2
3	464	0
4	464	0
5	464	0
6	464	0
7	464	2
0	465	0
1	465	2
2	465	0
3	465	0
4	465	0
5	465	1
6	465	0
7	465	2
0	466	0
1	466	0
2	466	0
3	466	0
4	466	0
5	466	0
6	466	2
7	466	2
0	467	0
1	467	0
2	467	2
3	467	0
4	467	0
5	467	0
6	467	0
7	467	0
0	468	1
1	468	1
2	468	1
3	468	0
4	468	2
5	468	1
6	468	0
7	468	2
0	469	2
1	469	2
2	469	1
3	469	2
4	469	2
5	469	2
6	469	0
7	469	0
0	470	0
1	470	1
2	470	0
3	470	2
4	470	0
5	470	0
6	470	0
7	470	0
0	471	0
1	471	0
2	471	2
3	471	0
4	471	2
5	471	0
6	471	2
7	471	0
0	472	0
1	472	1
2	472	0
3	472	2
4	472	2
5	472	2
6	472	0
7	472	2
0	473	0
1	473	2
2	473	2
3	473	2
4	473	2
5	473	2
6	473	0
7	473	2
0	474	2
1	474	2
2	474	2
3	474	0
4	474	0
5	474	2
6	474	0
7	474	0
0	475	2
1	475	0
2	475	2
3	475	0
4	475	0
5	475	2
6	475	1
7	475	2
0	476	2
1	476	2
2	476	0
3	476	0
4	476	0
5	476	0
6	476	2
7	476	0
0	477	2
1	477	0
2	477	0
3	477	0
4	477	0
5	477	2
6	477	2
7	477	0
0	478	0
1	478	1
2	478	0
3	478	0
4	478	0
5	478	2
6	478	2
7	478	0
0	479	0
1	479	0
2	479	2
3	479	0
4	479	2
5	479	1
6	479	0
7	479	2
0	480	0
1	480	0
2	480	2
3	480	2
4	480	0
5	480	0
6	480	0
7	480	2
0	481	0
1	481	0
2	481	2
3	481	0
4	481	0
5	481	0
6	481	2
7	481	0
0	482	0
1	482	2
2	482	0
3	482	0
4	482	0
5	482	0
6	482	0
7	482	2
0	483	0
1	483	2
2	483	2
3	483	2
4	483	2
5	483	2
6	483	2
7	483	0
0	484	0
1	484	2
2	484	2
3	484	0
4	484	0
5	484	0
6	484	0
7	484	0
0	485	2
1	485	2
2	485	0
3	485	0
4	485	0
5	485	2
6	485	2
7	485	2
0	486	0
1	486	0
2	486	2
3	486	2
4	486	0
5	486	0
6	486	0
7	486	0
0	487	0
1	487	0
2	487	1
3	487	2
4	487	0
5	487	0
6	487	0
7	487	0
0	488	0
1	488	2
2	488	0
3	488	0
4	488	0
5	488	0
6	488	1
7	488	0
0	489	0
1	489	2
2	489	0
3	489	2
4	489	0
5	489	0
6	489	0
7	489	2
0	490	0
1	490	2
2	490	0
3	490	2
4	490	0
5	490	2
6	490	2
7	490	0
0	491	2
1	491	0
2	491	2
3	491	0
4	491	0
5	491	0
6	491	1
7	491	0
0	492	0
1	492	0
2	492	0
3	492	0
4	492	0
5	492	2
6	492	0
7	492	0
0	493	0
1	493	0
2	493	0
3	493	1
4	493	0
5	493	2
6	493	0
7	493	0
0	494	1
1	494	2
2	494	1
3	494	2
4	494	2
5	494	1
6	494	1
7	494	1
0	495	1
1	495	0
2	495	2
3	495	0
4	495	0
5	495	2
6	495	0
7	495	0
0	496	2
1	496	0
2	496	2
3	496	0
4	496	0
5	496	0
6	496	2
7	496	2
0	497	2
1	497	0
2	497	1
3	497	0
4	497	2
5	497	0
6	497	2
7	497	1
0	498	0
1	498	1
2	498	1
3	498	1
4	498	1
5	498	1
6	498	0
7	498	1
0	499	2
1	499	0
2	499	0
3	499	2
4	499	0
5	499	0
6	499	2
7	499	2
0	500	2
1	500	2
2	500	0
3	500	0
4	500	0
5	500	0
6	500	0
7	500	0
0	501	0
1	501	0
2	501	0
3	501	2
4	501	0
5	501	2
6	501	0
7	501	0
0	502	0
1	502	0
2	502	0
3	502	0
4	502	1
5	502	0
6	502	2
7	502	0
0	503	0
1	503	0
2	503	2
3	503	0
4	503	0
5	503	2
6	503	2
7	503	0
0	504	1
1	504	1
2	504	0
3	504	1
4	504	1
5	504	1
6	504	1
7	504	1
0	505	0
1	505	2
2	505	0
3	505	0
4	505	2
5	505	0
6	505	2
7	505	2
0	506	0
1	506	1
2	506	2
3	506	2
4	506	2
5	506	0
6	506	2
7	506	0
0	507	0
1	507	0
2	507	2
3	507	0
4	507	0
5	507	2
6	507	2
7	507	2
0	508	0
1	508	2
2	508	0
3	508	2
4	508	2
5	508	0
6	508	2
7	508	2
0	509	2
1	509	0
2	509	2
3	509	2
4	509	0
5	509	2
6	509	0
7	509	2
0	510	0
1	510	0
2	510	2
3	510	0
4	510	0
5	510	2
6	510	0
7	510	0
0	511	2
1	511	0
2	511	2
3	511	2
4	511	2
5	511	2
6	511	0
7	511	2
0	512	2
1	512	2
2	512	2
3	512	2
4	512	0
5	512	1
6	512	0
7	512	0
0	513	2
1	513	2
2	513	1
3	513	2
4	513	2
5	513	2
6	513	1
7	513	2
0	514	2
1	514	2
2	514	2
3	514	2
4	514	2
5	514	2
6	514	2
7	514	2
0	515	0
1	515	1
2	515	0
3	515	2
4	515	2
5	515	2
6	515	2
7	515	0
0	516	0
1	516	2
2	516	0
3	516	2
4	516	0
5	516	2
6	516	2
7	516	2
0	517	2
1	517	2
2	517	0
3	517	0
4	517	0
5	517	0
6	517	2
7	517	2
0	518	0
1	518	2
2	518	0
3	518	1
4	518	0
5	518	2
6	518	2
7	518	2
0	519	2
1	519	0
2	519	2
3	519	0
4	519	1
5	519	2
6	519	2
7	519	1
0	520	1
1	520	0
2	520	0
3	520	1
4	520	1
5	520	0
6	520	2
7	520	1
0	521	2
1	521	2
2	521	2
3	521	2
4	521	0
5	521	0
6	521	0
7	521	2
0	522	2
1	522	0
2	522	0
3	522	1
4	522	2
5	522	2
6	522	2
7	522	2
0	523	2
1	523	2
2	523	2
3	523	2
4	523	0
5	523	2
6	523	2
7	523	2
0	524	0
1	524	2
2	524	0
3	524	0
4	524	0
5	524	0
6	524	1
7	524	2
0	525	0
1	525	2
2	525	2
3	525	0
4	525	0
5	525	2
6	525	1
7	525	0
0	526	0
1	526	2
2	526	2
3	526	0
4	526	0
5	526	0
6	526	2
7	526	2
0	527	0
1	527	0
2	527	0
3	527	0
4	527	0
5	527	2
6	527	2
7	527	0
0	528	0
1	528	2
2	528	2
3	528	0
4	528	0
5	528	0
6	528	0
7	528	2
0	529	0
1	529	2
2	529	2
3	529	0
4	529	2
5	529	0
6	529	0
7	529	0
0	530	0
1	530	2
2	530	0
3	530	2
4	530	0
5	530	2
6	530	0
7	530	2
0	531	2
1	531	0
2	531	2
3	531	0
4	531	0
5	531	2
6	531	0
7	531	2
0	532	2
1	532	2
2	532	2
3	532	2
4	532	2
5	532	2
6	532	0
7	532	2
0	533	0
1	533	2
2	533	0
3	533	2
4	533	2
5	533	0
6	533	1
7	533	0
0	534	1
1	534	1
2	534	2
3	534	1
4	534	2
5	534	1
6	534	0
7	534	2
0	535	0
1	535	0
2	535	0
3	535	0
4	535	0
5	535	2
6	535	2
7	535	2
0	536	0
1	536	0
2	536	0
3	536	2
4	536	2
5	536	2
6	536	2
7	536	0
0	537	0
1	537	2
2	537	2
3	537	0
4	537	2
5	537	2
6	537	0
7	537	2
0	538	2
1	538	0
2	538	0
3	538	0
4	538	2
5	538	0
6	538	2
7	538	2
0	539	2
1	539	0
2	539	0
3	539	2
4	539	2
5	539	0
6	539	0
7	539	0
0	540	2
1	540	0
2	540	2
3	540	0
4	540	2
5	540	1
6	540	0
7	540	0
0	541	0
1	541	0
2	541	2
3	541	0
4	541	0
5	541	0
6	541	2
7	541	0
0	542	2
1	542	2
2	542	2
3	542	2
4	542	2
5	542	2
6	542	0
7	542	2
0	543	2
1	543	2
2	543	2
3	543	2
4	543	2
5	543	0
6	543	0
7	543	2
0	544	0
1	544	2
2	544	0
3	544	2
4	544	2
5	544	2
6	544	2
7	544	2
0	545	2
1	545	0
2	545	0
3	545	0
4	545	0
5	545	0
6	545	2
7	545	0
0	546	1
1	546	2
2	546	2
3	546	2
4	546	0
5	546	0
6	546	1
7	546	1
0	547	2
1	547	2
2	547	2
3	547	0
4	547	0
5	547	0
6	547	2
7	547	2
0	548	0
1	548	2
2	548	2
3	548	2
4	548	2
5	548	2
6	548	2
7	548	2
0	549	0
1	549	2
2	549	1
3	549	2
4	549	2
5	549	1
6	549	2
7	549	2
0	550	0
1	550	0
2	550	2
3	550	0
4	550	0
5	550	0
6	550	2
7	550	0
0	551	2
1	551	2
2	551	0
3	551	0
4	551	0
5	551	0
6	551	0
7	551	2
0	552	0
1	552	0
2	552	0
3	552	1
4	552	2
5	552	2
6	552	2
7	552	0
0	553	0
1	553	0
2	553	2
3	553	2
4	553	0
5	553	0
6	553	1
7	553	2
0	554	0
1	554	0
2	554	0
3	554	0
4	554	0
5	554	0
6	554	2
7	554	2
0	555	1
1	555	2
2	555	0
3	555	2
4	555	0
5	555	0
6	555	2
7	555	0
0	556	0
1	556	0
2	556	0
3	556	0
4	556	0
5	556	0
6	556	0
7	556	0
0	557	0
1	557	0
2	557	0
3	557	0
4	557	0
5	557	0
6	557	2
7	557	2
0	558	0
1	558	0
2	558	2
3	558	2
4	558	0
5	558	0
6	558	0
7	558	0
0	559	0
1	559	2
2	559	2
3	559	0
4	559	0
5	559	2
6	559	2
7	559	0
0	560	2
1	560	2
2	560	0
3	560	0
4	560	0
5	560	0
6	560	2
7	560	0
0	561	2
1	561	2
2	561	0
3	561	0
4	561	0
5	561	2
6	561	2
7	561	0
0	562	0
1	562	2
2	562	0
3	562	0
4	562	2
5	562	0
6	562	0
7	562	0
0	563	0
1	563	2
2	563	0
3	563	2
4	563	0
5	563	0
6	563	2
7	563	2
0	564	1
1	564	1
2	564	1
3	564	0
4	564	1
5	564	1
6	564	1
7	564	1
0	565	2
1	565	2
2	565	2
3	565	0
4	565	0
5	565	0
6	565	0
7	565	0
0	566	0
1	566	0
2	566	0
3	566	0
4	566	1
5	566	0
6	566	0
7	566	0
0	567	0
1	567	2
2	567	0
3	567	0
4	567	0
5	567	2
6	567	0
7	567	0
0	568	0
1	568	2
2	568	2
3	568	2
4	568	2
5	568	2
6	568	2
7	568	2
0	569	2
1	569	2
2	569	2
3	569	2
4	569	0
5	569	2
6	569	0
7	569	0
0	570	2
1	570	0
2	570	2
3	570	2
4	570	0
5	570	2
6	570	0
7	570	0
0	571	0
1	571	2
2	571	0
3	571	2
4	571	0
5	571	0
6	571	2
7	571	2
0	572	2
1	572	0
2	572	1
3	572	1
4	572	2
5	572	0
6	572	2
7	572	0
0	573	2
1	573	0
2	573	0
3	573	2
4	573	2
5	573	2
6	573	2
7	573	0
0	574	2
1	574	0
2	574	2
3	574	0
4	574	0
5	574	2
6	574	2
7	574	0
0	575	0
1	575	2
2	575	2
3	575	2
4	575	2
5	575	2
6	575	2
7	575	0
0	576	0
1	576	0
2	576	0
3	576	0
4	576	0
5	576	1
6	576	2
7	576	0
0	577	0
1	577	0
2	577	0
3	577	0
4	577	0
5	577	0
6	577	0
7	577	0
0	578	2
1	578	0
2	578	0
3	578	2
4	578	0
5	578	0
6	578	2
7	578	0
0	579	2
1	579	0
2	579	1
3	579	2
4	579	0
5	579	0
6	579	2
7	579	2
0	580	0
1	580	1
2	580	2
3	580	0
4	580	1
5	580	2
6	580	2
7	580	2
0	581	0
1	581	0
2	581	2
3	581	0
4	581	0
5	581	2
6	581	0
7	581	0
0	582	0
1	582	2
2	582	0
3	582	0
4	582	0
5	582	2
6	582	0
7	582	0
0	583	2
1	583	0
2	583	0
3	583	0
4	583	2
5	583	0
6	583	2
7	583	2
0	584	0
1	584	0
2	584	0
3	584	0
4	584	0
5	584	0
6	584	0
7	584	2
0	585	0
1	585	0
2	585	0
3	585	0
4	585	0
5	585	2
6	585	0
7	585	2
0	586	0
1	586	1
2	586	2
3	586	0
4	586	2
5	586	2
6	586	0
7	586	0
0	587	0
1	587	0
2	587	1
3	587	0
4	587	0
5	587	2
6	587	0
7	587	2
0	588	0
1	588	0
2	588	0
3	588	1
4	588	2
5	588	2
6	588	2
7	588	0
0	589	2
1	589	0
2	589	0
3	589	0
4	589	0
5	589	0
6	589	0
7	589	1
0	590	0
1	590	0
2	590	1
3	590	0
4	590	0
5	590	2
6	590	0
7	590	2
0	591	2
1	591	2
2	591	2
3	591	0
4	591	2
5	591	2
6	591	0
7	591	0
0	592	0
1	592	2
2	592	2
3	592	0
4	592	0
5	592	2
6	592	0
7	592	0
0	593	0
1	593	1
2	593	2
3	593	1
4	593	0
5	593	2
6	593	0
7	593	0
0	594	1
1	594	1
2	594	1
3	594	2
4	594	2
5	594	1
6	594	1
7	594	1
0	595	0
1	595	2
2	595	0
3	595	0
4	595	0
5	595	0
6	595	0
7	595	0
0	596	1
1	596	0
2	596	0
3	596	0
4	596	0
5	596	0
6	596	0
7	596	0
0	597	1
1	597	2
2	597	0
3	597	0
4	597	2
5	597	1
6	597	2
7	597	0
0	598	2
1	598	2
2	598	1
3	598	0
4	598	0
5	598	0
6	598	2
7	598	1
0	599	2
1	599	1
2	599	2
3	599	2
4	599	2
5	599	2
6	599	0
7	599	0
0	600	0
1	600	0
2	600	0
3	600	2
4	600	2
5	600	0
6	600	2
7	600	0
0	601	0
1	601	0
2	601	2
3	601	0
4	601	0
5	601	0
6	601	0
7	601	0
0	602	0
1	602	0
2	602	2
3	602	2
4	602	0
5	602	0
6	602	0
7	602	2
0	603	0
1	603	0
2	603	2
3	603	0
4	603	0
5	603	0
6	603	0
7	603	0
0	604	0
1	604	0
2	604	0
3	604	0
4	604	0
5	604	0
6	604	2
7	604	2
0	605	2
1	605	2
2	605	0
3	605	0
4	605	2
5	605	0
6	605	0
7	605	0
0	606	0
1	606	0
2	606	0
3	606	0
4	606	2
5	606	0
6	606	2
7	606	1
0	607	1
1	607	2
2	607	2
3	607	0
4	607	0
5	607	0
6	607	2
7	607	0
0	608	2
1	608	2
2	608	0
3	608	0
4	608	2
5	608	2
6	608	0
7	608	2
0	609	0
1	609	2
2	609	0
3	609	0
4	609	0
5	609	2
6	609	0
7	609	0
0	610	0
1	610	0
2	610	2
3	610	0
4	610	1
5	610	1
6	610	1
7	610	2
0	611	0
1	611	2
2	611	2
3	611	0
4	611	0
5	611	0
6	611	2
7	611	0
0	612	0
1	612	0
2	612	2
3	612	0
4	612	0
5	612	2
6	612	0
7	612	2
0	613	2
1	613	0
2	613	2
3	613	0
4	613	0
5	613	0
6	613	0
7	613	0
0	614	0
1	614	0
2	614	0
3	614	2
4	614	1
5	614	0
6	614	0
7	614	0
0	615	0
1	615	2
2	615	2
3	615	2
4	615	0
5	615	0
6	615	0
7	615	2
0	616	0
1	616	1
2	616	0
3	616	2
4	616	1
5	616	1
6	616	0
7	616	0
0	617	0
1	617	0
2	617	2
3	617	0
4	617	2
5	617	0
6	617	2
7	617	2
0	618	0
1	618	0
2	618	0
3	618	2
4	618	0
5	618	2
6	618	1
7	618	0
0	619	0
1	619	2
2	619	2
3	619	2
4	619	2
5	619	2
6	619	0
7	619	0
0	620	0
1	620	2
2	620	0
3	620	0
4	620	2
5	620	0
6	620	2
7	620	0
0	621	2
1	621	0
2	621	0
3	621	2
4	621	2
5	621	0
6	621	0
7	621	2
0	622	0
1	622	2
2	622	2
3	622	2
4	622	0
5	622	0
6	622	2
7	622	0
0	623	0
1	623	0
2	623	0
3	623	0
4	623	0
5	623	0
6	623	0
7	623	0
0	624	1
1	624	1
2	624	2
3	624	1
4	624	1
5	624	1
6	624	0
7	624	1