0	2
1	0
2	1
3	0
4	1
5	1
6	0
7	2
8	0
9	2
10	1
11	2
12	2
13	2
14	2
15	2
16	2
17	2
18	1
19	0
20	2
21	0
22	0
23	2
24	1
25	1
26	2
27	0
28	0
29	0
30	2
31	1
32	2
33	0
34	2
35	0
36	1
37	0
38	1
39	0
40	1
41	0
42	2
43	2
44	1
45	0
46	2
47	1
48	1
49	1
50	2
51	0
52	0
53	0
54	1
55	2
56	1
57	1
58	1
59	1
60	1
61	2
62	1
63	0
64	2
65	0
66	1
67	0
68	0
69	1
70	1
71	1
72	2
73	0
74	1
75	2
76	0
77	1
78	0
79	1
80	2
81	1
82	1
83	0
84	2
85	0
86	1
87	0
88	2
89	2
90	1
91	1
92	1
93	1
94	0
95	1
96	2
97	1
98	0
99	2
100	1
101	0
102	0
103	1
104	2
105	2
106	2
107	2
108	0
109	0
110	2
111	1
112	0
113	1
114	2
115	2
116	2
117	1
118	1
119	1
120	1
121	1
122	0
123	2
124	2
125	2
126	2
127	0
128	1
129	2
130	2
131	2
132	2
133	0
134	1
135	2
136	0
137	1
138	0
139	2
140	1
141	0
142	0
143	2
144	2
145	0
146	1
147	0
148	0
149	0
150	0
151	2
152	0
153	2
154	2
155	1
156	1
157	2
158	2
159	1
160	1
161	0
162	1
163	1
164	1
165	1
166	2
167	1
168	2
169	0
170	0
171	1
172	1
173	2
174	0
175	2
176	0
177	2
178	0
179	2
180	1
181	0
182	2
183	2
184	2
185	2
186	0
187	2
188	0
189	0
190	1
191	0
192	2
193	1
194	0
195	0
196	1
197	0
198	2
199	1
200	1
201	0
202	1
203	0
204	0
205	1
206	0
207	0
208	2
209	1
210	0
211	2
212	0
213	2
214	2
215	0
216	1
217	0
218	2
219	2
220	1
221	0
222	2
223	1
224	2
225	2
226	1
227	1
228	0
229	0
230	1
231	1
232	2
233	1
234	1
235	2
236	2
237	1
238	1
239	2
240	1
241	0
242	1
243	2
244	1
245	2
246	1
247	1
248	1
249	2
250	1
251	2
252	1
253	1
254	2
255	1
256	2
257	2
258	0
259	1
260	1
261	2
262	1
263	0
264	1
265	2
266	2
267	1
268	2
269	1
270	2
271	1
272	1
273	1
274	1
275	1
276	0
277	2
278	0
279	2
280	1
281	0
282	1
283	2
284	2
285	2
286	0
287	2
288	1
289	0
290	0
291	2
292	1
293	0
294	0
295	1
296	2
297	1
298	1
299	0
300	0
301	0
302	1
303	2
304	1
305	2
306	2
307	1
308	1
309	2
310	1
311	2
312	2
313	0
314	0
315	2
316	2
317	1
318	0
319	0
320	0
321	0
322	1
323	0
324	0
325	0
326	0
327	0
328	2
329	1
330	1
331	1
332	0
333	2
334	0
335	2
336	2
337	1
338	0
339	2
340	1
341	1
342	1
343	2
344	0
345	0
346	2
347	0
348	0
349	2
350	1
351	2
352	1
353	0
354	0
355	0
356	1
357	2
358	1
359	0
360	1
361	0
362	2
363	2
364	2
365	2
366	2
367	2
368	0
369	2
370	0
371	0
372	2
373	2
374	0
375	0
376	1
377	0
378	2
379	2
380	0
381	0
382	0
383	1
384	2
385	0
386	0
387	1
388	2
389	1
390	1
391	2
392	0
393	1
394	0
395	0
396	0
397	0
398	2
399	1
400	1
401	1
402	1
403	0
404	2
405	2
406	1
407	2
408	2
409	2
410	0
411	0
412	2
413	2
414	0
415	2
416	1
417	0
418	2
419	2
420	0
421	1
422	1
423	0
424	0
425	2
426	1
427	1
428	1
429	0
430	0
431	0
432	1
433	2
434	2
435	0
436	0
437	0
438	2
439	2
440	2
441	0
442	0
443	2
444	0
445	0
446	2
447	0
448	1
449	2
450	1
451	0
452	1
453	0
454	2
455	0
456	1
457	1
458	2
459	1
460	2
461	2
462	0
463	1
464	2
465	1
466	1
467	0
468	0
469	1
470	2
471	0
472	0
473	2
474	1
475	2
476	0
477	0
478	2
479	2
480	2
481	1
482	2
483	0
484	1
485	0
486	2
487	2
488	1
489	2
490	2
491	1
492	0
493	0
494	1
495	1
496	1
497	0
498	0
499	0
500	0
501	2
502	0
503	0
504	0
505	2
506	1
507	1
508	0
509	1
510	2
511	2
512	0
513	0
514	0
515	0
516	0
517	2
518	2
519	0
520	1
521	2
522	1
523	0
524	0
525	0
526	2
527	2
528	0
529	1
530	2
531	1
532	0
533	1
534	0
535	1
536	2
537	2
538	1
539	0
540	2
541	2
542	1
543	1
544	1
545	0
546	2
547	1
548	2
549	2
550	0
551	1
552	2
553	1
554	1
555	0
556	0
557	2
558	0
559	1
560	0
561	2
562	2
563	2
564	1
565	2
566	2
567	2
568	2
569	0
570	0
571	1
572	2
573	0
574	1
575	2
576	0
577	0
578	0
579	1
580	1
581	1
582	2
583	0
584	0
585	1
586	0
587	0
588	0
589	0
590	1
591	1
592	1
593	1
594	1
595	1
596	0
597	1
598	2
599	0
600	1
601	0
602	1
603	2
604	2
605	1
606	2
607	2
608	1
609	0
610	0
611	2
612	0
613	1
614	0
615	2
616	0
617	0
618	1
619	2
620	0
621	2
622	0
623	1
624	0
625	1
626	2
627	2
628	2
629	0
630	0
631	0
632	0
633	2
634	2
635	1
636	0
637	2
638	1
639	2
640	1
641	0
642	2
643	0
644	1
645	2
646	2
647	1
648	1
649	0
650	2
651	2
652	1
653	1
654	1
655	0
656	1
657	0
658	1
659	2
660	1
661	2
662	2
663	2
664	2
665	0
666	0
667	1
668	0
669	1
670	1
671	2
672	0
673	2
674	0
675	1
676	2
677	1
678	0
679	0
680	0
681	0
682	2
683	1
684	1
685	2
686	1
687	1
688	0
689	0
690	2
691	0
692	1
693	2
694	1
695	2
696	1
697	1
698	2
699	1
700	1
701	2
702	1
703	2
704	1
705	2
706	0
707	1
708	0
709	1
710	0
711	0
712	2
713	0
714	0
715	1
716	0
717	1
718	2
719	1
720	2
721	0
722	2
723	2
724	0
725	0
726	2
727	0
728	0
729	2
730	0
731	1
732	2
733	0
734	1
735	2
736	0
737	0
738	2
739	0
740	1
741	1
742	1
743	1
744	0
745	1
746	0
747	2
748	1
749	0
750	2
751	0
752	0
753	2
754	0
755	0
756	1
757	1
758	1
759	2
760	2
761	0
762	0
763	1
764	0
765	1
766	2
767	2
768	2
769	0
770	2
771	2
772	0
773	0
774	0
775	1
776	2
777	2
778	2
779	1
780	2
781	0
782	2
783	0
784	0
785	2
786	2
787	2
788	0
789	0
790	0
791	1
792	2
793	0
794	1
795	0
796	0
797	1
798	2
799	0
800	2
801	0
802	0
803	0
804	0
805	2
806	0
807	1
808	0
809	2
810	1
811	1
812	2
813	0
814	1
815	1
816	1
817	1
818	1
819	1
820	0
821	0
822	0
823	1
824	1
825	0
826	0
827	0
828	2
829	0
830	2
831	2
832	2
833	2
834	0
835	2
836	2
837	2
838	0
839	2
840	2
841	1
842	0
843	2
844	1
845	1
846	2
847	0
848	0
849	2
850	0
851	0
852	0
853	2
854	1
855	1
856	0
857	2
858	1
859	1
860	2
861	1
862	0
863	0
864	2
865	0
866	2
867	2
868	1
869	0
870	2
871	1
872	2
873	0
874	1
875	1
876	1
877	0
878	2
879	0
880	1
881	0
882	2
883	1
884	0
885	1
886	0
887	1
888	1
889	2
890	1
891	1
892	0
893	1
894	0
895	0
896	0
897	0
898	1
899	1
900	1
901	1
902	2
903	2
904	2
905	2
906	2
907	0
908	2
909	1
910	1
911	0
912	2
913	0
914	1
915	2
916	0
917	2
918	0
919	0
920	0
921	1
922	0
923	1
924	1
925	2
926	0
927	0
928	2
929	1
930	2
931	2
932	0
933	0
934	2
935	2
936	0
937	1
938	1
939	0
940	1
941	0
942	2
943	2
944	0
945	0
946	0
947	0
948	0
949	2
950	0
951	0
952	1
953	0
954	1
955	2
956	0
957	1
958	1
959	2
960	2
961	2
962	2
963	1
964	2
965	0
966	0
967	2
968	0
969	1
970	1
971	1
972	1
973	2
974	2
975	2
976	0
977	0
978	0
979	0
980	1
981	0
982	1
983	1
984	0
985	0
986	0
987	2
988	0
989	1
990	1
991	1
992	0
993	2
994	2
995	1
996	1
997	2
998	2
999	2
1000	2
1001	0
1002	0
1003	2
1004	1
1005	1
1006	2
1007	2
1008	1
1009	1
1010	0
1011	1
1012	2
1013	2
1014	2
1015	0
1016	2
1017	1
1018	0
1019	0
1020	2
1021	2
1022	1
1023	2
1024	0
1025	0
1026	2
1027	0
1028	1
1029	1
1030	2
1031	2
1032	2
1033	2
1034	2
1035	1
1036	0
1037	0
1038	1
1039	2
1040	0
1041	2
1042	2
1043	1
1044	2
1045	1
1046	1
1047	0
1048	0
1049	0
1050	0
1051	1
1052	1
1053	0
1054	0
1055	2
1056	0
1057	1
1058	2
1059	2
1060	0
1061	0
1062	0
1063	1
1064	1
1065	0
1066	2
1067	0
1068	2
1069	2
1070	1
1071	2
1072	2
1073	1
1074	1
1075	0
1076	2
1077	1
1078	0
1079	0
1080	0
1081	1
1082	1
1083	1
1084	1
1085	2
1086	1
1087	1
1088	0
1089	2
1090	1
1091	2
1092	2
1093	0
1094	2
1095	2
1096	2
1097	0
1098	1
1099	0
1100	1
1101	0
1102	1
1103	1
1104	2
1105	0
1106	1
1107	2
1108	1
1109	1
1110	2
1111	1
1112	2
1113	1
1114	1
1115	2
1116	2
1117	2
1118	2
1119	0
1120	0
1121	0
1122	0
1123	0
1124	0
1125	2
1126	2
1127	1
1128	2
1129	0
1130	0
1131	0
1132	1
1133	0
1134	1
1135	0
1136	0
1137	0
1138	0
1139	0
1140	2
1141	0
1142	1
1143	1
1144	0
1145	0
1146	0
1147	0
1148	2
1149	0
1150	0
1151	0
1152	2
1153	2
1154	0
1155	1
1156	0
1157	0
1158	1
1159	1
1160	0
1161	1
1162	0
1163	0
1164	0
1165	1
1166	1
1167	1
1168	2
1169	0
1170	0
1171	0
1172	0
1173	0
1174	0
1175	2
1176	0
1177	2
1178	0
1179	2
1180	2
1181	1
1182	0
1183	1
1184	1
1185	2
1186	0
1187	0
1188	2
1189	0
1190	0
1191	1
1192	1
1193	0
1194	0
1195	2
1196	0
1197	0
1198	2
1199	1
1200	0
1201	2
1202	1
1203	1
1204	0
1205	2
1206	1
1207	0
1208	1
1209	1
1210	1
1211	1
1212	2
1213	0
1214	0
1215	2
1216	0
1217	1
1218	1
1219	0
1220	1
1221	0
1222	2
1223	0
1224	2
1225	1
1226	0
1227	2
1228	2
1229	2
1230	2
1231	1
1232	0
1233	1
1234	2
1235	0
1236	1
1237	0
1238	2
1239	1
1240	0
1241	0
1242	0
1243	2
1244	0
1245	0
1246	0
1247	0
1248	2
1249	2
1250	1
1251	2
1252	1
1253	1
1254	2
1255	0
1256	2
1257	2
1258	0
1259	1
1260	2
1261	1
1262	1
1263	0
1264	1
1265	0
1266	0
1267	1
1268	2
1269	0
1270	1
1271	0
1272	2
1273	1
1274	0
1275	2
1276	1
1277	2
1278	1
1279	1
1280	2
1281	1
1282	0
1283	2
1284	0
1285	0
1286	0
1287	0
1288	1
1289	1
1290	1
1291	0
1292	1
1293	0
1294	0
1295	1
1296	2
1297	0
1298	0
1299	0
1300	1
1301	0
1302	1
1303	1
1304	0
1305	1
1306	2
1307	2
1308	0
1309	1
1310	2
1311	0
1312	2
1313	1
1314	1
1315	1
1316	0
1317	2
1318	0
1319	2
1320	0
1321	0
1322	1
1323	1
1324	2
1325	2
1326	0
1327	0
1328	1
1329	0
1330	0
1331	1
1332	1
1333	1
1334	1
1335	1
1336	0
1337	2
1338	2
1339	1
1340	0
1341	1
1342	1
1343	2
1344	2
1345	1
1346	1
1347	1
1348	2
1349	0
1350	2
1351	2
1352	0
1353	1
1354	2
1355	1
1356	0
1357	2
1358	1
1359	2
1360	1
1361	1
1362	1
1363	2
1364	1
1365	2
1366	1
1367	2
1368	0
1369	1
1370	0
1371	1
1372	2
1373	0
1374	2
1375	0
1376	2
1377	0
1378	2
1379	0
1380	0
1381	1
1382	0
1383	1
1384	2
1385	2
1386	0
1387	1
1388	2
1389	2
1390	1
1391	0
1392	2
1393	0
1394	0
1395	0
1396	1
1397	1
1398	2
1399	0
1400	0
1401	1
1402	0
1403	2
1404	0
1405	2
1406	2
1407	0
1408	2
1409	1
1410	1
1411	0
1412	2
1413	2
1414	2
1415	1
1416	0
1417	1
1418	0
1419	1
1420	2
1421	2
1422	0
1423	0
1424	0
1425	1
1426	2
1427	1
1428	2
1429	2
1430	1
1431	2
1432	1
1433	0
1434	1
1435	2
1436	0
1437	0
1438	0
1439	0
1440	1
1441	1
1442	2
1443	0
1444	0
1445	1
1446	1
1447	1
1448	2
1449	2
1450	1
1451	0
1452	0
1453	2
1454	1
1455	0
1456	2
1457	0
1458	0
1459	2
1460	1
1461	1
1462	0
1463	0
1464	0
1465	1
1466	0
1467	1
1468	2
1469	0
1470	0
1471	0
1472	0
1473	2
1474	0
1475	0
1476	0
1477	2
1478	0
1479	1
1480	1
1481	0
1482	0
1483	0
1484	1
1485	0
1486	2
1487	1
1488	1
1489	2
1490	0
1491	1
1492	0
1493	2
1494	2
1495	2
1496	0
1497	0
1498	2
1499	2
1500	2
1501	0
1502	1
1503	0
1504	2
1505	2
1506	1
1507	1
1508	0
1509	1
1510	0
1511	0
1512	1
1513	1
1514	1
1515	1
1516	0
1517	1
1518	0
1519	1
1520	2
1521	2
1522	1
1523	1
1524	0
1525	1
1526	0
1527	0
1528	2
1529	0
1530	1
1531	0
1532	2
1533	0
1534	2
1535	2
1536	2
1537	2
1538	2
1539	0
1540	1
1541	2
1542	1
1543	1
1544	2
1545	1
1546	0
1547	0
1548	0
1549	2
1550	0
1551	1
1552	2
1553	1
1554	1
1555	1
1556	1
1557	1
1558	1
1559	0
1560	2
1561	0
1562	2
1563	2
1564	0
1565	1
1566	1
1567	1
1568	0
1569	2
1570	2
1571	2
1572	1
1573	0
1574	0
1575	1
1576	1
1577	0
1578	1
1579	0
1580	0
1581	1
1582	1
1583	2
1584	1
1585	2
1586	2
1587	0
1588	2
1589	0
1590	0
1591	0
1592	2
1593	1
1594	2
1595	1
1596	1
1597	0
1598	1
1599	1
1600	1
1601	2
1602	2
1603	1
1604	2
1605	2
1606	0
1607	2
1608	1
1609	1
1610	0
1611	1
1612	0
1613	1
1614	2
1615	2
1616	1
1617	2
1618	2
1619	0
1620	1
1621	2
1622	1
1623	2
1624	0
1625	0
1626	1
1627	1
1628	1
1629	1
1630	0
1631	0
1632	0
1633	1
1634	1
1635	1
1636	2
1637	2
1638	1
1639	0
1640	0
1641	2
1642	1
1643	2
1644	2
1645	2
1646	2
1647	2
1648	2
1649	2
1650	0
1651	0
1652	1
1653	1
1654	1
1655	1
1656	1
1657	2
1658	1
1659	2
1660	0
1661	0
1662	1
1663	0
1664	1
1665	2
1666	0
1667	0
1668	1
1669	0
1670	1
1671	1
1672	1
1673	1
1674	0
1675	1
1676	2
1677	0
1678	1
1679	2
1680	1
1681	0
1682	1
1683	0
1684	0
1685	2
1686	0
1687	0
1688	0
1689	1
1690	1
1691	1
1692	0
1693	1
1694	1
1695	2
1696	0
1697	1
1698	0
1699	0
1700	2
1701	2
1702	0
1703	1
1704	2
1705	0
1706	0
1707	1
1708	2
1709	0
1710	2
1711	0
1712	0
1713	2
1714	0
1715	0
1716	2
1717	1
1718	0
1719	0
1720	2
1721	2
1722	1
1723	2
1724	2
1725	0
1726	2
1727	1
1728	2
1729	2
1730	0
1731	0
1732	1
1733	2
1734	2
1735	0
1736	0
1737	0
1738	2
1739	2
1740	2
1741	0
1742	1
1743	1
1744	0
1745	0
1746	0
1747	2
1748	0
1749	1
1750	1
1751	1
1752	0
1753	2
1754	1
1755	1
1756	2
1757	0
1758	2
1759	1
1760	1
1761	0
1762	0
1763	0
1764	1
1765	2
1766	1
1767	0
1768	2
1769	0
1770	2
1771	1
1772	2
1773	1
1774	0
1775	1
1776	2
1777	1
1778	1
1779	1
1780	1
1781	0
1782	1
1783	1
1784	1
1785	2
1786	1
1787	2
1788	0
1789	0
1790	2
1791	1
1792	0
1793	2
1794	0
1795	1
1796	1
1797	1
1798	0
1799	1
1800	2
1801	0
1802	1
1803	2
1804	2
1805	0
1806	0
1807	0
1808	2
1809	0
1810	0
1811	2
1812	2
1813	1
1814	0
1815	0
1816	0
1817	1
1818	1
1819	1
1820	2
1821	2
1822	0
1823	1
1824	2
1825	0
1826	1
1827	0
1828	1
1829	2
1830	2
1831	0
1832	1
1833	1
1834	0
1835	1
1836	1
1837	0
1838	0
1839	2
1840	1
1841	2
1842	2
1843	0
1844	2
1845	1
1846	2
1847	0
1848	0
1849	2
1850	2
1851	2
1852	0
1853	0
1854	1
1855	1
1856	0
1857	2
1858	0
1859	0
1860	0
1861	0
1862	0
1863	1
1864	0
1865	1
1866	0
1867	1
1868	1
1869	1
1870	0
1871	2
1872	1
1873	0
1874	2
1875	2
1876	1
1877	2
1878	2
1879	0
1880	2
1881	0
1882	0
1883	2
1884	0
1885	2
1886	0
1887	2
1888	2
1889	1
1890	2
1891	2
1892	1
1893	2
1894	0
1895	1
1896	0
1897	1
1898	1
1899	2
1900	1
1901	1
1902	0
1903	1
1904	2
1905	2
1906	0
1907	0
1908	0
1909	2
1910	1
1911	2
1912	0
1913	0
1914	2
1915	1
1916	1
1917	1
1918	1
1919	2
1920	0
1921	1
1922	1
1923	1
1924	2
1925	0
1926	0
1927	0
1928	2
1929	2
1930	2
1931	1
1932	1
1933	2
1934	1
1935	0
1936	1
1937	0
1938	1
1939	2
1940	0
1941	0
1942	2
1943	1
1944	0
1945	1
1946	0
1947	0
1948	1
1949	0
1950	0
1951	1
1952	2
1953	2
1954	1
1955	0
1956	1
1957	0
1958	2
1959	1
1960	2
1961	0
1962	1
1963	0
1964	0
1965	2
1966	1
1967	0
1968	2
1969	1
1970	1
1971	0
1972	0
1973	2
1974	2
1975	0
1976	1
1977	0
1978	2
1979	1
1980	1
1981	1
1982	0
1983	2
1984	1
1985	0
1986	0
1987	1
1988	2
1989	1
1990	2
1991	2
1992	2
1993	1
1994	0
1995	1
1996	1
1997	0
1998	0
1999	2
2000	1
2001	2
2002	1
2003	1
2004	0
2005	1
2006	0
2007	1
2008	0
2009	1
2010	0
2011	2
2012	1
2013	0
2014	1
2015	1
2016	2
2017	2
2018	1
2019	2
2020	2
2021	2
2022	1
2023	0
2024	1
2025	1
2026	2
2027	0
2028	2
2029	0
2030	0
2031	0
2032	0
2033	1
2034	1
2035	1
2036	0
2037	0
2038	2
2039	0
2040	2
2041	2
2042	0
2043	1
2044	2
2045	1
2046	0
2047	1
2048	2
2049	2
2050	2
2051	0
2052	0
2053	1
2054	2
2055	0
2056	0
2057	2
2058	1
2059	0
2060	0
2061	2
2062	0
2063	1
2064	2
2065	0
2066	0
2067	2
2068	1
2069	0
2070	2
2071	0
2072	0
2073	0
2074	1
2075	0
2076	0
2077	0
2078	0
2079	1
2080	0
2081	2
2082	0
2083	1
2084	1
2085	2
2086	2
2087	2
2088	1
2089	2
2090	0
2091	2
2092	0
2093	0
2094	2
2095	1
2096	0
2097	1
2098	1
2099	2
2100	0
2101	1
2102	0
2103	1
2104	1
2105	2
2106	0
2107	2
2108	2
2109	0
2110	0
2111	2
2112	0
2113	1
2114	1
2115	1
2116	2
2117	2
2118	2
2119	0
2120	1
2121	2
2122	0
2123	2
2124	0
2125	2
2126	1
2127	1
2128	1
2129	1
2130	0
2131	0
2132	1
2133	2
2134	1
2135	0
2136	2
2137	2
2138	2
2139	0
2140	2
2141	0
2142	2
2143	1
2144	1
2145	1
2146	1
2147	1
2148	2
2149	1
2150	1
2151	0
2152	2
2153	1
2154	0
2155	1
2156	1
2157	2
2158	0
2159	2
2160	2
2161	1
2162	1
2163	1
2164	2
2165	1
2166	1
2167	0
2168	1
2169	1
2170	2
2171	2
2172	0
2173	0
2174	1
2175	0
2176	2
2177	1
2178	0
2179	2
2180	2
2181	2
2182	2
2183	2
2184	0
2185	0
2186	1
2187	0
2188	0
2189	0
2190	2
2191	2
2192	1
2193	0
2194	0
2195	0
2196	2
2197	2
2198	1
2199	0
2200	0
2201	2
2202	1
2203	1
2204	2
2205	2
2206	0
2207	0
2208	0
2209	1
2210	1
2211	2
2212	2
2213	0
2214	1
2215	0
2216	2
2217	0
2218	2
2219	1
2220	0
2221	2
2222	2
2223	0
2224	2
2225	2
2226	1
2227	2
2228	2
2229	2
2230	2
2231	2
2232	1
2233	1
2234	0
2235	2
2236	1
2237	2
2238	1
2239	2
2240	0
2241	0
2242	2
2243	1
2244	2
2245	1
2246	1
2247	1
2248	0
2249	1
2250	2
2251	2
2252	2
2253	0
2254	0
2255	1
2256	2
2257	1
2258	0
2259	1
2260	2
2261	2
2262	2
2263	0
2264	2
2265	1
2266	2
2267	0
2268	1
2269	0
2270	1
2271	0
2272	1
2273	0
2274	0
2275	2
2276	0
2277	0
2278	0
2279	1
2280	2
2281	2
2282	2
2283	0
2284	1
2285	0
2286	2
2287	1
2288	1
2289	0
2290	1
2291	2
2292	2
2293	1
2294	0
2295	2
2296	2
2297	0
2298	2
2299	0
2300	1
2301	1
2302	2
2303	1
2304	0
2305	1
2306	2
2307	0
2308	2
2309	2
2310	1
2311	1
2312	1
2313	0
2314	2
2315	0
2316	1
2317	1
2318	2
2319	2
2320	2
2321	1
2322	2
2323	2
2324	0
2325	1
2326	0
2327	1
2328	0
2329	0
2330	0
2331	1
2332	0
2333	2
2334	2
2335	1
2336	1
2337	2
2338	1
2339	1
2340	0
2341	1
2342	1
2343	0
2344	2
2345	0
2346	2
2347	1
2348	2
2349	2
2350	1
2351	2
2352	0
2353	2
2354	0
2355	0
2356	1
2357	2
2358	0
2359	0
2360	0
2361	2
2362	1
2363	2
2364	0
2365	1
2366	0
2367	0
2368	2
2369	2
2370	0
2371	2
2372	0
2373	0
2374	1
2375	2
2376	0
2377	1
2378	1
2379	2
2380	2
2381	1
2382	0
2383	1
2384	0
2385	1
2386	2
2387	2
2388	1
2389	2
2390	0
2391	1
2392	2
2393	0
2394	1
2395	0
2396	0
2397	2
2398	2
2399	0
2400	0
2401	2
2402	1
2403	2
2404	1
2405	1
2406	1
2407	2
2408	0
2409	2
2410	1
2411	2
2412	2
2413	2
2414	1
2415	2
2416	0
2417	2
2418	0
2419	2
2420	2
2421	1
2422	1
2423	0
2424	2
2425	2
2426	0
2427	0
2428	1
2429	2
2430	0
2431	2
2432	2
2433	0
2434	2
2435	0
2436	1
2437	0
2438	1
2439	0
2440	1
2441	0
2442	0
2443	0
2444	0
2445	1
2446	1
2447	2
2448	2
2449	2
2450	0
2451	1
2452	2
2453	0
2454	0
2455	2
2456	0
2457	2
2458	0
2459	2
2460	1
2461	0
2462	0
2463	2
2464	0
2465	0
2466	1
2467	1
2468	1
2469	2
2470	2
2471	1
2472	1
2473	2
2474	1
2475	2
2476	2
2477	1
2478	0
2479	1
2480	0
2481	1
2482	1
2483	0
2484	1
2485	1
2486	1
2487	0
2488	2
2489	1
2490	1
2491	1
2492	2
2493	0
2494	0
2495	0
2496	1
2497	1
2498	2
2499	2
2500	1
2501	2
2502	2
2503	0
2504	0
2505	2
2506	1
2507	2
2508	2
2509	0
2510	2
2511	1
2512	2
2513	1
2514	1
2515	1
2516	0
2517	2
2518	0
2519	1
2520	1
2521	0
2522	1
2523	0
2524	1
2525	2
2526	1
2527	0
2528	0
2529	1
2530	1
2531	2
2532	1
2533	2
2534	1
2535	2
2536	1
2537	2
2538	1
2539	2
2540	0
2541	2
2542	0
2543	1
2544	1
2545	2
2546	1
2547	0
2548	0
2549	1
2550	2
2551	1
2552	1
2553	0
2554	1
2555	1
2556	2
2557	0
2558	1
2559	0
2560	2
2561	1
2562	2
2563	2
2564	2
2565	1
2566	1
2567	1
2568	2
2569	2
2570	1
2571	0
2572	2
2573	2
2574	0
2575	1
2576	0
2577	1
2578	2
2579	0
2580	1
2581	1
2582	2
2583	1
2584	1
2585	2
2586	0
2587	2
2588	2
2589	1
2590	1
2591	2
2592	0
2593	2
2594	1
2595	1
2596	1
2597	0
2598	1
2599	1
2600	0
2601	1
2602	1
2603	0
2604	2
2605	0
2606	2
2607	1
2608	2
2609	1
2610	0
2611	1
2612	2
2613	0
2614	0
2615	1
2616	0
2617	0
2618	0
2619	2
2620	1
2621	2
2622	1
2623	0
2624	2
2625	1
2626	1
2627	0
2628	2
2629	1
2630	0
2631	0
2632	2
2633	0
2634	2
2635	1
2636	2
2637	0
2638	1
2639	1
2640	1
2641	0
2642	1
2643	2
2644	1
2645	1
2646	2
2647	1
2648	2
2649	0
2650	0
2651	0
2652	0
2653	1
2654	2
2655	1
2656	2
2657	0
2658	2
2659	1
2660	2
2661	2
2662	2
2663	2
2664	0
2665	0
2666	0
2667	2
2668	2
2669	0
2670	2
2671	2
2672	0
2673	0
2674	0
2675	0
2676	0
2677	0
2678	1
2679	1
2680	0
2681	1
2682	1
2683	1
2684	0
2685	2
2686	2
2687	0
2688	2
2689	2
2690	0
2691	0
2692	0
2693	0
2694	0
2695	2
2696	1
2697	2
2698	2
2699	0
2700	2
2701	0
2702	1
2703	0
2704	2
2705	0
2706	0
2707	1
2708	2
2709	0
2710	1
2711	1
2712	1
2713	1
2714	0
2715	1
2716	1
2717	0
2718	0
2719	1
2720	1
2721	1
2722	1
2723	1
2724	2
2725	0
2726	2
2727	1
2728	1
2729	2
2730	2
2731	0
2732	2
2733	2
2734	0
2735	1
2736	1
2737	2
2738	2
2739	1
2740	2
2741	2
2742	2
2743	0
2744	2
2745	0
2746	0
2747	1
2748	0
2749	1
2750	0
2751	1
2752	0
2753	2
2754	1
2755	2
2756	0
2757	1
2758	1
2759	1
2760	0
2761	0
2762	0
2763	0
2764	2
2765	0
2766	0
2767	2
2768	2
2769	2
2770	2
2771	2
2772	2
2773	1
2774	1
2775	1
2776	0
2777	0
2778	2
2779	2
2780	1
2781	1
2782	1
2783	0
2784	2
2785	0
2786	0
2787	0
2788	1
2789	2
2790	2
2791	0
2792	1
2793	1
2794	0
2795	0
2796	1
2797	1
2798	0
2799	2
2800	0
2801	2
2802	0
2803	0
2804	1
2805	1
2806	1
2807	1
2808	1
2809	2
2810	1
2811	1
2812	2
2813	0
2814	2
2815	0
2816	1
2817	1
2818	2
2819	2
2820	2
2821	1
2822	0
2823	2
2824	0
2825	2
2826	1
2827	2
2828	1
2829	1
2830	2
2831	2
2832	1
2833	1
2834	0
2835	2
2836	1
2837	1
2838	2
2839	2
2840	0
2841	2
2842	2
2843	0
2844	0
2845	0
2846	1
2847	2
2848	1
2849	1
2850	1
2851	2
2852	2
2853	0
2854	1
2855	2
2856	2
2857	1
2858	1
2859	1
2860	1
2861	1
2862	2
2863	2
2864	2
2865	0
2866	2
2867	1
2868	0
2869	1
2870	2
2871	0
2872	2
2873	1
2874	2
2875	1
2876	2
2877	1
2878	0
2879	1
2880	1
2881	0
2882	1
2883	1
2884	1
2885	0
2886	1
2887	0
2888	0
2889	2
2890	2
2891	2
2892	0
2893	1
2894	1
2895	1
2896	0
2897	2
2898	1
2899	0
2900	0
2901	1
2902	1
2903	0
2904	0
2905	1
2906	1
2907	2
2908	0
2909	0
2910	2
2911	0
2912	2
2913	1
2914	1
2915	1
2916	2
2917	2
2918	2
2919	1
2920	2
2921	1
2922	2
2923	0
2924	2
2925	0
2926	0
2927	1
2928	0
2929	0
2930	2
2931	0
2932	2
2933	1
2934	2
2935	2
2936	2
2937	1
2938	2
2939	2
2940	0
2941	1
2942	0
2943	1
2944	1
2945	0
2946	2
2947	1
2948	2
2949	1
2950	0
2951	0
2952	2
2953	2
2954	2
2955	1
2956	0
2957	1
2958	2
2959	0
2960	1
2961	0
2962	0
2963	0
2964	2
2965	1
2966	1
2967	1
2968	1
2969	0
2970	0
2971	0
2972	2
2973	2
2974	0
2975	1
2976	1
2977	0
2978	1
2979	0
2980	0
2981	2
2982	1
2983	1
2984	2
2985	0
2986	2
2987	1
2988	0
2989	1
2990	0
2991	2
2992	0
2993	1
2994	2
2995	1
2996	1
2997	2
2998	1
2999	2
3000	0
3001	1
3002	1
3003	1
3004	0
3005	2
3006	2
3007	0
3008	0
3009	2
3010	2
3011	0
3012	2
3013	2
3014	1
3015	1
3016	2
3017	0
3018	2
3019	0
3020	0
3021	0
3022	0
3023	0
3024	2
3025	2
3026	2
3027	1
3028	1
3029	0
3030	1
3031	0
3032	2
3033	2
3034	2
3035	2
3036	1
3037	0
3038	1
3039	2
3040	1
3041	0
3042	0
3043	2
3044	1
3045	2
3046	0
3047	2
3048	0
3049	2
3050	0
3051	1
3052	0
3053	1
3054	2
3055	0
3056	1
3057	2
3058	1
3059	1
3060	0
3061	0
3062	1
3063	1
3064	1
3065	2
3066	1
3067	0
3068	0
3069	1
3070	2
3071	1
3072	1
3073	2
3074	0
3075	2
3076	1
3077	0
3078	0
3079	1
3080	2
3081	1
3082	0
3083	1
3084	1
3085	0
3086	0
3087	0
3088	1
3089	1
3090	0
3091	1
3092	2
3093	1
3094	0
3095	0
3096	0
3097	1
3098	0
3099	2
3100	0
3101	1
3102	0
3103	2
3104	0
3105	2
3106	0
3107	0
3108	0
3109	0
3110	2
3111	0
3112	1
3113	2
3114	0
3115	0
3116	2
3117	0
3118	2
3119	0
3120	2
3121	1
3122	0
3123	0
3124	0
3125	1
3126	2
3127	0
3128	2
3129	0
3130	1
3131	0
3132	0
3133	2
3134	2
3135	2
3136	2
3137	2
3138	2
3139	1
3140	1
3141	1
3142	2
3143	0
3144	2
3145	0
3146	1
3147	2
3148	2
3149	2
3150	2
3151	2
3152	0
3153	2
3154	0
3155	1
3156	1
3157	0
3158	2
3159	0
3160	1
3161	2
3162	2
3163	0
3164	2
3165	0
3166	2
3167	0
3168	2
3169	1
3170	1
3171	2
3172	0
3173	1
3174	2
3175	2
3176	1
3177	2
3178	1
3179	2
3180	0
3181	2
3182	0
3183	1
3184	1
3185	1
3186	0
3187	1
3188	2
3189	1
3190	1
3191	1
3192	2
3193	2
3194	2
3195	2
3196	2
3197	1
3198	0
3199	1
3200	0
3201	0
3202	1
3203	1
3204	1
3205	0
3206	0
3207	0
3208	2
3209	2
3210	2
3211	2
3212	1
3213	2
3214	1
3215	1
3216	1
3217	0
3218	2
3219	1
3220	1
3221	2
3222	0
3223	0
3224	0
3225	2
3226	0
3227	1
3228	1
3229	1
3230	2
3231	2
3232	2
3233	2
3234	1
3235	2
3236	0
3237	1
3238	2
3239	2
3240	2
3241	2
3242	1
3243	2
3244	2
3245	0
3246	0
3247	0
3248	1
3249	0
3250	1
3251	1
3252	0
3253	0
3254	2
3255	0
3256	0
3257	0
3258	0
3259	2
3260	1
3261	0
3262	0
3263	0
3264	1
3265	0
3266	2
3267	1
3268	2
3269	2
3270	2
3271	2
3272	2
3273	0
3274	1
3275	0
3276	0
3277	2
3278	0
3279	2
3280	1
3281	1
3282	0
3283	0
3284	1
3285	2
3286	2
3287	2
3288	1
3289	2
3290	2
3291	2
3292	2
3293	1
3294	2
3295	0
3296	1
3297	1
3298	1
3299	0
3300	2
3301	0
3302	1
3303	2
3304	0
3305	2
3306	2
3307	0
3308	2
3309	1
3310	1
3311	0
3312	2
3313	0
3314	2
3315	2
3316	1
3317	2
3318	2
3319	2
3320	2
3321	1
3322	2
3323	1
3324	1
3325	0
3326	1
3327	2
3328	0
3329	0
3330	1
3331	2
3332	0
3333	1
3334	2
3335	1
3336	1
3337	0
3338	1
3339	2
3340	1
3341	2
3342	1
3343	1
3344	0
3345	1
3346	1
3347	0
3348	2
3349	0
3350	1
3351	0
3352	2
3353	2
3354	2
3355	1
3356	2
3357	0
3358	1
3359	0
3360	0
3361	1
3362	2
3363	0
3364	2
3365	0
3366	0
3367	2
3368	1
3369	1
3370	0
3371	1
3372	2
3373	0
3374	1
3375	1
3376	2
3377	0
3378	1
3379	1
3380	2
3381	0
3382	1
3383	1
3384	2
3385	0
3386	2
3387	1
3388	1
3389	2
3390	0
3391	0
3392	0
3393	1
3394	1
3395	0
3396	0
3397	2
3398	1
3399	2
3400	2
3401	2
3402	2
3403	2
3404	0
3405	0
3406	0
3407	1
3408	1
3409	2
3410	1
3411	2
3412	1
3413	1
3414	2
3415	2
3416	1
3417	1
3418	0
3419	2
3420	0
3421	2
3422	2
3423	2
3424	2
3425	2
3426	2
3427	1
3428	1
3429	0
3430	2
3431	2
3432	2
3433	2
3434	2
3435	1
3436	0
3437	1
3438	2
3439	0
3440	1
3441	0
3442	0
3443	0
3444	2
3445	1
3446	1
3447	1
3448	1
3449	0
3450	0
3451	2
3452	0
3453	0
3454	0
3455	1
3456	1
3457	1
3458	0
3459	2
3460	0
3461	0
3462	2
3463	2
3464	1
3465	0
3466	2
3467	2
3468	0
3469	2
3470	0
3471	1
3472	2
3473	0
3474	1
3475	0
3476	2
3477	1
3478	2
3479	0
3480	2
3481	2
3482	0
3483	1
3484	1
3485	2
3486	0
3487	0
3488	2
3489	2
3490	1
3491	0
3492	1
3493	1
3494	0
3495	2
3496	2
3497	0
3498	2
3499	0
3500	2
3501	0
3502	1
3503	0
3504	1
3505	0
3506	1
3507	0
3508	0
3509	2
3510	1
3511	2
3512	1
3513	2
3514	1
3515	2
3516	0
3517	0
3518	1
3519	0
3520	1
3521	2
3522	2
3523	2
3524	2
3525	2
3526	1
3527	0
3528	1
3529	1
3530	2
3531	0
3532	1
3533	2
3534	2
3535	2
3536	1
3537	2
3538	2
3539	2
3540	0
3541	1
3542	0
3543	0
3544	2
3545	2
3546	0
3547	0
3548	2
3549	2
3550	0
3551	0
3552	2
3553	1
3554	2
3555	1
3556	1
3557	0
3558	2
3559	2
3560	0
3561	2
3562	0
3563	0
3564	1
3565	1
3566	2
3567	2
3568	2
3569	0
3570	0
3571	0
3572	2
3573	1
3574	2
3575	1
3576	1
3577	2
3578	0
3579	2
3580	0
3581	1
3582	1
3583	2
3584	1
3585	0
3586	1
3587	2
3588	2
3589	2
3590	2
3591	0
3592	1
3593	1
3594	0
3595	0
3596	1
3597	2
3598	1
3599	1
3600	0
3601	1
3602	0
3603	0
3604	2
3605	2
3606	2
3607	1
3608	0
3609	2
3610	0
3611	0
3612	0
3613	2
3614	1
3615	2
3616	0
3617	1
3618	2
3619	1
3620	0
3621	0
3622	2
3623	1
3624	1
3625	1
3626	1
3627	1
3628	1
3629	2
3630	2
3631	1
3632	2
3633	1
3634	2
3635	0
3636	2
3637	0
3638	0
3639	1
3640	1
3641	1
3642	2
3643	0
3644	1
3645	0
3646	2
3647	1
3648	0
3649	1
3650	0
3651	1
3652	0
3653	1
3654	1
3655	0
3656	1
3657	1
3658	1
3659	2
3660	0
3661	1
3662	0
3663	0
3664	0
3665	2
3666	0
3667	1
3668	2
3669	2
3670	1
3671	1
3672	2
3673	2
3674	2
3675	2
3676	2
3677	2
3678	1
3679	0
3680	1
3681	1
3682	0
3683	2
3684	0
3685	2
3686	0
3687	1
3688	0
3689	2
3690	2
3691	2
3692	1
3693	2
3694	1
3695	1
3696	2
3697	1
3698	1
3699	2
3700	0
3701	2
3702	0
3703	2
3704	1
3705	0
3706	2
3707	1
3708	1
3709	1
3710	1
3711	0
3712	0
3713	0
3714	1
3715	0
3716	0
3717	1
3718	0
3719	2
3720	1
3721	0
3722	2
3723	1
3724	1
3725	2
3726	2
3727	2
3728	0
3729	0
3730	2
3731	1
3732	1
3733	1
3734	2
3735	1
3736	2
3737	0
3738	0
3739	2
3740	1
3741	2
3742	1
3743	2
3744	1
3745	1
3746	2
3747	1
3748	1
3749	0
3750	2
3751	0
3752	0
3753	2
3754	1
3755	0
3756	0
3757	1
3758	1
3759	2
3760	1
3761	2
3762	0
3763	2
3764	2
3765	1
3766	0
3767	2
3768	1
3769	1
3770	1
3771	2
3772	2
3773	2
3774	2
3775	0
3776	2
3777	2
3778	1
3779	2
3780	0
3781	2
3782	2
3783	2
3784	1
3785	1
3786	1
3787	2
3788	0
3789	1
3790	0
3791	1
3792	2
3793	0
3794	1
3795	1
3796	0
3797	2
3798	1
3799	2
3800	0
3801	1
3802	2
3803	0
3804	1
3805	1
3806	1
3807	2
3808	2
3809	2
3810	0
3811	1
3812	0
3813	1
3814	0
3815	2
3816	2
3817	2
3818	2
3819	0
3820	0
3821	1
3822	0
3823	1
3824	2
3825	2
3826	1
3827	0
3828	2
3829	1
3830	1
3831	0
3832	2
3833	1
3834	1
3835	1
3836	2
3837	2
3838	1
3839	2
3840	2
3841	1
3842	0
3843	1
3844	0
3845	2
3846	2
3847	0
3848	0
3849	2
3850	0
3851	1
3852	2
3853	1
3854	0
3855	0
3856	0
3857	1
3858	1
3859	1
3860	1
3861	1
3862	1
3863	0
3864	1
3865	1
3866	2
3867	0
3868	2
3869	1
3870	0
3871	2
3872	0
3873	2
3874	0
3875	1
3876	0
3877	2
3878	2
3879	1
3880	0
3881	0
3882	0
3883	0
3884	0
3885	2
3886	1
3887	1
3888	2
3889	2
3890	2
3891	0
3892	2
3893	1
3894	1
3895	0
3896	1
3897	0
3898	2
3899	2
3900	1
3901	0
3902	0
3903	1
3904	0
3905	2
3906	2
3907	0
3908	1
3909	1
3910	1
3911	0
3912	0
3913	2
3914	2
3915	1
3916	2
3917	1
3918	0
3919	2
3920	1
3921	2
3922	2
3923	0
3924	2
3925	0
3926	1
3927	2
3928	0
3929	0
3930	2
3931	2
3932	1
3933	0
3934	1
3935	2
3936	1
3937	1
3938	1
3939	0
3940	2
3941	0
3942	1
3943	1
3944	2
3945	2
3946	0
3947	1
3948	0
3949	2
3950	1
3951	1
3952	1
3953	0
3954	1
3955	0
3956	2
3957	0
3958	1
3959	1
3960	1
3961	0
3962	0
3963	1
3964	0
3965	2
3966	2
3967	0
3968	1
3969	2
3970	1
3971	0
3972	1
3973	1
3974	0
3975	2
3976	1
3977	0
3978	1
3979	2
3980	1
3981	0
3982	0
3983	0
3984	2
3985	1
3986	2
3987	1
3988	2
3989	2
3990	2
3991	1
3992	1
3993	1
3994	1
3995	1
3996	1
3997	2
3998	0
3999	2
4000	1
4001	2
4002	1
4003	2
4004	0
4005	2
4006	0
4007	2
4008	0
4009	2
4010	0
4011	0
4012	2
4013	0
4014	0
4015	1
4016	2
4017	2
4018	2
4019	2
4020	0
4021	1
4022	0
4023	2
4024	2
4025	2
4026	0
4027	1
4028	1
4029	0
4030	1
4031	1
4032	0
4033	2
4034	1
4035	2
4036	0
4037	0
4038	2
4039	0
4040	2
4041	0
4042	2
4043	2
4044	1
4045	0
4046	0
4047	0
4048	1
4049	0
4050	2
4051	1
4052	0
4053	2
4054	2
4055	2
4056	2
4057	1
4058	0
4059	1
4060	2
4061	1
4062	1
4063	2
4064	2
4065	2
4066	2
4067	0
4068	1
4069	2
4070	2
4071	0
4072	2
4073	1
4074	1
4075	2
4076	2
4077	2
4078	0
4079	2
4080	0
4081	0
4082	1
4083	1
4084	1
4085	2
4086	0
4087	2
4088	0
4089	1
4090	2
4091	1
4092	0
4093	2
4094	2
4095	2
4096	0
4097	2
4098	1
4099	0
4100	0
4101	0
4102	0
4103	2
4104	2
4105	0
4106	2
4107	0
4108	2
4109	2
4110	0
4111	0
4112	2
4113	0
4114	0
4115	2
4116	0
4117	2
4118	1
4119	0
4120	0
4121	0
4122	2
4123	2
4124	2
4125	0
4126	1
4127	2
4128	0
4129	2
4130	1
4131	1
4132	0
4133	1
4134	1
4135	2
4136	0
4137	1
4138	1
4139	2
4140	1
4141	0
4142	2
4143	1
4144	0
4145	2
4146	0
4147	1
4148	2
4149	2
4150	1
4151	2
4152	0
4153	0
4154	0
4155	2
4156	0
4157	2
4158	2
4159	1
4160	2
4161	2
4162	2
4163	2
4164	2
4165	2
4166	0
4167	1
4168	0
4169	1
4170	2
4171	1
4172	2
4173	1
4174	2
4175	2
4176	0
4177	1
4178	0
4179	0
4180	1
4181	2
4182	0
4183	1
4184	0
4185	0
4186	0
4187	1
4188	2
4189	2
4190	2
4191	1
4192	2
4193	2
4194	1
4195	1
4196	2
4197	1
4198	2
4199	1
4200	0
4201	0
4202	0
4203	0
4204	2
4205	2
4206	0
4207	1
4208	2
4209	0
4210	0
4211	2
4212	0
4213	2
4214	1
4215	1
4216	0
4217	2
4218	0
4219	1
4220	0
4221	2
4222	2
4223	1
4224	1
4225	0
4226	0
4227	0
4228	1
4229	0
4230	0
4231	1
4232	1
4233	2
4234	0
4235	2
4236	2
4237	2
4238	1
4239	1
4240	1
4241	0
4242	1
4243	1
4244	1
4245	0
4246	0
4247	1
4248	2
4249	2
4250	1
4251	1
4252	1
4253	0
4254	2
4255	0
4256	1
4257	1
4258	0
4259	1
4260	2
4261	2
4262	0
4263	1
4264	2
4265	2
4266	2
4267	0
4268	1
4269	1
4270	1
4271	0
4272	2
4273	1
4274	0
4275	2
4276	0
4277	1
4278	1
4279	2
4280	0
4281	1
4282	2
4283	2
4284	1
4285	1
4286	1
4287	1
4288	2
4289	0
4290	2
4291	2
4292	0
4293	2
4294	1
4295	0
4296	1
4297	0
4298	2
4299	1
4300	1
4301	2
4302	2
4303	1
4304	2
4305	2
4306	0
4307	2
4308	0
4309	0
4310	2
4311	1
4312	0
4313	1
4314	2
4315	2
4316	1
4317	1
4318	0
4319	0
4320	1
4321	0
4322	2
4323	0
4324	0
4325	0
4326	1
4327	2
4328	1
4329	2
4330	0
4331	1
4332	2
4333	0
4334	2
4335	2
4336	0
4337	0
4338	1
4339	1
4340	2
4341	2
4342	1
4343	0
4344	1
4345	0
4346	0
4347	1
4348	0
4349	2
4350	2
4351	0
4352	0
4353	2
4354	0
4355	0
4356	0
4357	1
4358	0
4359	1
4360	2
4361	2
4362	1
4363	1
4364	0
4365	2
4366	2
4367	1
4368	2
4369	1
4370	1
4371	0
4372	0
4373	2
4374	1
4375	0
4376	0
4377	2
4378	1
4379	2
4380	1
4381	2
4382	2
4383	0
4384	1
4385	1
4386	1
4387	1
4388	1
4389	2
4390	0
4391	0
4392	1
4393	2
4394	2
4395	2
4396	2
4397	1
4398	1
4399	0
4400	1
4401	0
4402	0
4403	1
4404	1
4405	0
4406	1
4407	2
4408	2
4409	0
4410	0
4411	0
4412	0
4413	0
4414	1
4415	2
4416	2
4417	1
4418	0
4419	2
4420	0
4421	1
4422	0
4423	0
4424	0
4425	1
4426	2
4427	0
4428	0
4429	2
4430	0
4431	1
4432	0
4433	1
4434	2
4435	2
4436	2
4437	1
4438	1
4439	2
4440	1
4441	2
4442	0
4443	1
4444	2
4445	2
4446	1
4447	1
4448	0
4449	1
4450	2
4451	2
4452	1
4453	0
4454	0
4455	2
4456	2
4457	0
4458	0
4459	1
4460	1
4461	1
4462	0
4463	0
4464	0
4465	2
4466	0
4467	0
4468	0
4469	2
4470	1
4471	0
4472	1
4473	1
4474	1
4475	0
4476	1
4477	1
4478	2
4479	1
4480	2
4481	2
4482	0
4483	2
4484	1
4485	1
4486	2
4487	1
4488	1
4489	1
4490	0
4491	1
4492	0
4493	2
4494	2
4495	0
4496	2
4497	2
4498	1
4499	0
4500	1
4501	2
4502	1
4503	1
4504	0
4505	1
4506	1
4507	1
4508	2
4509	2
4510	2
4511	1
4512	2
4513	2
4514	0
4515	0
4516	1
4517	2
4518	2
4519	2
4520	0
4521	2
4522	0
4523	0
4524	1
4525	1
4526	0
4527	2
4528	2
4529	1
4530	1
4531	0
4532	0
4533	0
4534	2
4535	2
4536	1
4537	1
4538	2
4539	0
4540	0
4541	2
4542	0
4543	0
4544	2
4545	0
4546	1
4547	2
4548	1
4549	1
4550	2
4551	1
4552	1
4553	1
4554	0
4555	1
4556	2
4557	1
4558	1
4559	0
4560	0
4561	2
4562	2
4563	1
4564	0
4565	0
4566	2
4567	2
4568	2
4569	0
4570	2
4571	0
4572	0
4573	2
4574	0
4575	2
4576	1
4577	2
4578	2
4579	2
4580	2
4581	0
4582	2
4583	1
4584	0
4585	0
4586	0
4587	0
4588	2
4589	0
4590	0
4591	0
4592	1
4593	0
4594	0
4595	1
4596	1
4597	0
4598	1
4599	1
4600	0
4601	1
4602	1
4603	0
4604	2
4605	0
4606	2
4607	1
4608	1
4609	1
4610	2
4611	1
4612	2
4613	0
4614	1
4615	1
4616	1
4617	1
4618	2
4619	0
4620	0
4621	1
4622	2
4623	0
4624	2
4625	0
4626	0
4627	0
4628	0
4629	1
4630	2
4631	0
4632	1
4633	1
4634	1
4635	0
4636	1
4637	2
4638	0
4639	0
4640	0
4641	1
4642	1
4643	0
4644	0
4645	2
4646	2
4647	0
4648	0
4649	0
4650	2
4651	0
4652	0
4653	2
4654	0
4655	2
4656	1
4657	0
4658	2
4659	1
4660	0
4661	2
4662	2
4663	1
4664	0
4665	1
4666	0
4667	0
4668	1
4669	0
4670	0
4671	1
4672	2
4673	2
4674	0
4675	2
4676	0
4677	2
4678	2
4679	0
4680	0
4681	0
4682	1
4683	1
4684	2
4685	0
4686	0
4687	2
4688	0
4689	0
4690	0
4691	0
4692	2
4693	2
4694	2
4695	0
4696	1
4697	0
4698	2
4699	1
4700	2
4701	0
4702	2
4703	1
4704	0
4705	0
4706	1
4707	0
4708	1
4709	0
4710	0
4711	0
4712	2
4713	0
4714	0
4715	1
4716	0
4717	2
4718	2
4719	2
4720	0
4721	1
4722	2
4723	0
4724	2
4725	0
4726	0
4727	1
4728	2
4729	2
4730	0
4731	0
4732	0
4733	0
4734	1
4735	0
4736	1
4737	1
4738	2
4739	2
4740	0
4741	0
4742	2
4743	1
4744	0
4745	2
4746	0
4747	1
4748	0
4749	1
4750	2
4751	1
4752	1
4753	0
4754	1
4755	1
4756	2
4757	1
4758	0
4759	1
4760	1
4761	1
4762	1
4763	0
4764	0
4765	1
4766	1
4767	0
4768	2
4769	2
4770	1
4771	0
4772	0
4773	2
4774	2
4775	1
4776	2
4777	0
4778	1
4779	2
4780	0
4781	0
4782	0
4783	0
4784	0
4785	0
4786	2
4787	2
4788	1
4789	2
4790	0
4791	0
4792	2
4793	2
4794	1
4795	0
4796	1
4797	1
4798	1
4799	2
4800	1
4801	2
4802	0
4803	2
4804	0
4805	0
4806	1
4807	1
4808	1
4809	0
4810	2
4811	2
4812	0
4813	2
4814	0
4815	2
4816	1
4817	0
4818	2
4819	0
4820	2
4821	1
4822	2
4823	0
4824	2
4825	1
4826	2
4827	2
4828	2
4829	0
4830	2
4831	1
4832	2
4833	2
4834	1
4835	2
4836	2
4837	0
4838	1
4839	0
4840	1
4841	0
4842	0
4843	1
4844	0
4845	2
4846	2
4847	1
4848	2
4849	2
4850	1
4851	2
4852	0
4853	2
4854	1
4855	1
4856	0
4857	2
4858	0
4859	1
4860	1
4861	1
4862	2
4863	0
4864	0
4865	1
4866	1
4867	0
4868	2
4869	0
4870	2
4871	2
4872	2
4873	0
4874	0
4875	1
4876	1
4877	2
4878	2
4879	1
4880	1
4881	1
4882	1
4883	1
4884	1
4885	0
4886	2
4887	0
4888	1
4889	1
4890	2
4891	2
4892	0
4893	2
4894	2
4895	1
4896	0
4897	2
4898	0
4899	0
4900	0
4901	2
4902	0
4903	1
4904	1
4905	2
4906	1
4907	2
4908	0
4909	2
4910	0
4911	1
4912	0
4913	1
4914	1
4915	0
4916	0
4917	2
4918	1
4919	1
4920	0
4921	2
4922	2
4923	1
4924	2
4925	0
4926	1
4927	2
4928	2
4929	2
4930	0
4931	0
4932	0
4933	1
4934	2
4935	2
4936	1
4937	2
4938	1
4939	2
4940	2
4941	1
4942	2
4943	0
4944	0
4945	0
4946	1
4947	1
4948	2
4949	1
4950	1
4951	2
4952	0
4953	1
4954	1
4955	1
4956	0
4957	2
4958	0
4959	2
4960	2
4961	1
4962	2
4963	1
4964	2
4965	1
4966	1
4967	1
4968	1
4969	2
4970	1
4971	2
4972	0
4973	2
4974	1
4975	1
4976	1
4977	2
4978	1
4979	0
4980	2
4981	2
4982	1
4983	0
4984	0
4985	0
4986	0
4987	2
4988	2
4989	2
4990	0
4991	2
4992	1
4993	2
4994	2
4995	0
4996	1
4997	2
4998	0
4999	0