0	0	2
1	0	3
2	0	3
3	0	1
4	0	3
5	0	0
6	0	0
7	0	0
0	1	0
1	1	3
2	1	0
3	1	3
4	1	0
5	1	1
6	1	3
7	1	3
0	2	3
1	2	1
2	2	1
3	2	0
4	2	1
5	2	1
6	2	1
7	2	1
0	3	0
1	3	3
2	3	1
3	3	3
4	3	3
5	3	3
6	3	3
7	3	0
0	4	3
1	4	2
2	4	2
3	4	3
4	4	2
5	4	2
6	4	2
7	4	2
0	5	3
1	5	3
2	5	0
3	5	2
4	5	2
5	5	2
6	5	1
7	5	2
0	6	2
1	6	2
2	6	0
3	6	2
4	6	2
5	6	2
6	6	0
7	6	2
0	7	0
1	7	3
2	7	1
3	7	2
4	7	0
5	7	1
6	7	3
7	7	3
0	8	1
1	8	1
2	8	3
3	8	3
4	8	3
5	8	3
6	8	3
7	8	1
0	9	1
1	9	1
2	9	0
3	9	1
4	9	0
5	9	1
6	9	3
7	9	1
0	10	3
1	10	2
2	10	3
3	10	2
4	10	3
5	10	3
6	10	1
7	10	3
0	11	1
1	11	1
2	11	1
3	11	2
4	11	0
5	11	2
6	11	1
7	11	0
0	12	3
1	12	2
2	12	0
3	12	3
4	12	3
5	12	2
6	12	2
7	12	2
0	13	2
1	13	2
2	13	0
3	13	0
4	13	3
5	13	3
6	13	2
7	13	3
0	14	1
1	14	2
2	14	2
3	14	2
4	14	2
5	14	2
6	14	1
7	14	3
0	15	0
1	15	0
2	15	0
3	15	0
4	15	0
5	15	0
6	15	0
7	15	2
0	16	3
1	16	3
2	16	2
3	16	2
4	16	3
5	16	3
6	16	0
7	16	3
0	17	0
1	17	3
2	17	1
3	17	1
4	17	3
5	17	2
6	17	2
7	17	2
0	18	1
1	18	1
2	18	0
3	18	1
4	18	1
5	18	1
6	18	1
7	18	1
0	19	0
1	19	0
2	19	3
3	19	0
4	19	0
5	19	0
6	19	2
7	19	0
0	20	2
1	20	3
2	20	1
3	20	2
4	20	1
5	20	2
6	20	1
7	20	2
0	21	3
1	21	0
2	21	3
3	21	3
4	21	1
5	21	0
6	21	2
7	21	3
0	22	2
1	22	3
2	22	2
3	22	2
4	22	2
5	22	2
6	22	3
7	22	2
0	23	0
1	23	2
2	23	2
3	23	1
4	23	2
5	23	0
6	23	2
7	23	2
0	24	1
1	24	0
2	24	1
3	24	3
4	24	1
5	24	1
6	24	1
7	24	1
0	25	2
1	25	3
2	25	3
3	25	2
4	25	3
5	25	0
6	25	0
7	25	3
0	26	2
1	26	1
2	26	3
3	26	1
4	26	1
5	26	1
6	26	1
7	26	2
0	27	1
1	27	3
2	27	1
3	27	1
4	27	1
5	27	2
6	27	3
7	27	1
0	28	2
1	28	2
2	28	2
3	28	3
4	28	2
5	28	1
6	28	3
7	28	2
0	29	1
1	29	2
2	29	1
3	29	0
4	29	1
5	29	3
6	29	1
7	29	1
0	30	2
1	30	1
2	30	3
3	30	3
4	30	3
5	30	3
6	30	3
7	30	0
0	31	1
1	31	3
2	31	2
3	31	1
4	31	0
5	31	1
6	31	1
7	31	3
0	32	0
1	32	3
2	32	0
3	32	1
4	32	0
5	32	0
6	32	3
7	32	2
0	33	0
1	33	0
2	33	0
3	33	2
4	33	1
5	33	0
6	33	0
7	33	0
0	34	1
1	34	0
2	34	0
3	34	0
4	34	1
5	34	0
6	34	0
7	34	0
0	35	3
1	35	0
2	35	3
3	35	0
4	35	3
5	35	3
6	35	3
7	35	3
0	36	0
1	36	2
2	36	2
3	36	3
4	36	2
5	36	2
6	36	2
7	36	2
0	37	3
1	37	3
2	37	3
3	37	3
4	37	3
5	37	0
6	37	3
7	37	0
0	38	1
1	38	0
2	38	1
3	38	1
4	38	1
5	38	3
6	38	1
7	38	2
0	39	3
1	39	2
2	39	2
3	39	2
4	39	2
5	39	2
6	39	2
7	39	2
0	40	0
1	40	0
2	40	0
3	40	0
4	40	1
5	40	0
6	40	2
7	40	0
0	41	0
1	41	3
2	41	2
3	41	0
4	41	2
5	41	3
6	41	0
7	41	3
0	42	3
1	42	3
2	42	3
3	42	2
4	42	2
5	42	3
6	42	1
7	42	3
0	43	1
1	43	1
2	43	1
3	43	1
4	43	1
5	43	1
6	43	0
7	43	0
0	44	1
1	44	1
2	44	3
3	44	1
4	44	1
5	44	1
6	44	2
7	44	1
0	45	3
1	45	1
2	45	3
3	45	3
4	45	0
5	45	3
6	45	3
7	45	2
0	46	1
1	46	1
2	46	0
3	46	2
4	46	3
5	46	1
6	46	3
7	46	1
0	47	2
1	47	2
2	47	3
3	47	0
4	47	2
5	47	2
6	47	2
7	47	0
0	48	3
1	48	3
2	48	2
3	48	3
4	48	0
5	48	3
6	48	0
7	48	2
0	49	2
1	49	3
2	49	1
3	49	1
4	49	3
5	49	0
6	49	1
7	49	1
0	50	1
1	50	1
2	50	1
3	50	1
4	50	0
5	50	2
6	50	3
7	50	1
0	51	1
1	51	1
2	51	1
3	51	1
4	51	0
5	51	1
6	51	1
7	51	0
0	52	0
1	52	0
2	52	0
3	52	3
4	52	2
5	52	2
6	52	0
7	52	0
0	53	1
1	53	0
2	53	0
3	53	3
4	53	1
5	53	3
6	53	2
7	53	1
0	54	2
1	54	2
2	54	2
3	54	3
4	54	0
5	54	0
6	54	2
7	54	2
0	55	3
1	55	2
2	55	2
3	55	3
4	55	2
5	55	3
6	55	3
7	55	3
0	56	0
1	56	2
2	56	0
3	56	1
4	56	1
5	56	1
6	56	1
7	56	1
0	57	3
1	57	3
2	57	3
3	57	3
4	57	3
5	57	3
6	57	1
7	57	2
0	58	1
1	58	1
2	58	0
3	58	0
4	58	0
5	58	2
6	58	1
7	58	1
0	59	1
1	59	0
2	59	3
3	59	3
4	59	3
5	59	2
6	59	1
7	59	3
0	60	1
1	60	2
2	60	1
3	60	2
4	60	0
5	60	0
6	60	0
7	60	3
0	61	2
1	61	3
2	61	3
3	61	3
4	61	1
5	61	3
6	61	2
7	61	0
0	62	3
1	62	2
2	62	3
3	62	3
4	62	3
5	62	3
6	62	0
7	62	0
0	63	2
1	63	2
2	63	2
3	63	3
4	63	2
5	63	2
6	63	0
7	63	2
0	64	1
1	64	2
2	64	2
3	64	0
4	64	2
5	64	2
6	64	2
7	64	2
0	65	3
1	65	0
2	65	1
3	65	0
4	65	2
5	65	0
6	65	0
7	65	0
0	66	2
1	66	2
2	66	3
3	66	2
4	66	0
5	66	2
6	66	2
7	66	0
0	67	2
1	67	1
2	67	0
3	67	0
4	67	2
5	67	2
6	67	0
7	67	2
0	68	3
1	68	3
2	68	0
3	68	1
4	68	1
5	68	3
6	68	1
7	68	3
0	69	2
1	69	1
2	69	2
3	69	3
4	69	2
5	69	2
6	69	2
7	69	2
0	70	0
1	70	0
2	70	2
3	70	3
4	70	1
5	70	0
6	70	0
7	70	1
0	71	0
1	71	0
2	71	1
3	71	0
4	71	0
5	71	0
6	71	2
7	71	3
0	72	0
1	72	0
2	72	1
3	72	0
4	72	3
5	72	0
6	72	0
7	72	0
0	73	0
1	73	0
2	73	2
3	73	3
4	73	0
5	73	0
6	73	2
7	73	2
0	74	3
1	74	3
2	74	3
3	74	1
4	74	3
5	74	3
6	74	3
7	74	3
0	75	0
1	75	2
2	75	0
3	75	0
4	75	0
5	75	0
6	75	0
7	75	0
0	76	0
1	76	1
2	76	1
3	76	1
4	76	1
5	76	0
6	76	1
7	76	1
0	77	1
1	77	1
2	77	1
3	77	2
4	77	1
5	77	1
6	77	3
7	77	3
0	78	2
1	78	1
2	78	0
3	78	2
4	78	0
5	78	2
6	78	0
7	78	1
0	79	1
1	79	2
2	79	3
3	79	2
4	79	1
5	79	2
6	79	0
7	79	0
0	80	0
1	80	2
2	80	1
3	80	2
4	80	3
5	80	2
6	80	0
7	80	0
0	81	1
1	81	2
2	81	2
3	81	1
4	81	2
5	81	3
6	81	2
7	81	2
0	82	1
1	82	3
2	82	3
3	82	3
4	82	3
5	82	0
6	82	3
7	82	2
0	83	3
1	83	1
2	83	0
3	83	0
4	83	0
5	83	0
6	83	3
7	83	3
0	84	2
1	84	2
2	84	2
3	84	2
4	84	0
5	84	1
6	84	1
7	84	2
0	85	2
1	85	2
2	85	2
3	85	3
4	85	2
5	85	3
6	85	0
7	85	1
0	86	3
1	86	0
2	86	0
3	86	3
4	86	3
5	86	3
6	86	0
7	86	3
0	87	2
1	87	3
2	87	3
3	87	3
4	87	3
5	87	3
6	87	3
7	87	3
0	88	2
1	88	2
2	88	3
3	88	2
4	88	2
5	88	2
6	88	0
7	88	2
0	89	3
1	89	0
2	89	3
3	89	0
4	89	0
5	89	0
6	89	1
7	89	0
0	90	2
1	90	1
2	90	2
3	90	1
4	90	1
5	90	1
6	90	1
7	90	1
0	91	0
1	91	0
2	91	3
3	91	0
4	91	3
5	91	0
6	91	3
7	91	0
0	92	1
1	92	2
2	92	1
3	92	3
4	92	0
5	92	2
6	92	1
7	92	2
0	93	2
1	93	3
2	93	2
3	93	3
4	93	2
5	93	2
6	93	3
7	93	3
0	94	3
1	94	2
2	94	3
3	94	2
4	94	1
5	94	2
6	94	1
7	94	3
0	95	3
1	95	0
2	95	0
3	95	0
4	95	0
5	95	0
6	95	3
7	95	1
0	96	1
1	96	2
2	96	0
3	96	1
4	96	1
5	96	1
6	96	1
7	96	3
0	97	2
1	97	2
2	97	1
3	97	2
4	97	2
5	97	0
6	97	2
7	97	2
0	98	0
1	98	0
2	98	1
3	98	1
4	98	0
5	98	1
6	98	0
7	98	0
0	99	0
1	99	1
2	99	0
3	99	2
4	99	2
5	99	3
6	99	0
7	99	2
0	100	2
1	100	1
2	100	1
3	100	2
4	100	2
5	100	2
6	100	2
7	100	3
0	101	3
1	101	3
2	101	2
3	101	3
4	101	1
5	101	3
6	101	2
7	101	3
0	102	2
1	102	0
2	102	1
3	102	2
4	102	2
5	102	3
6	102	0
7	102	3
0	103	3
1	103	3
2	103	2
3	103	2
4	103	3
5	103	3
6	103	3
7	103	1
0	104	0
1	104	2
2	104	2
3	104	2
4	104	2
5	104	2
6	104	3
7	104	2
0	105	1
1	105	1
2	105	0
3	105	3
4	105	1
5	105	1
6	105	0
7	105	1
0	106	3
1	106	2
2	106	1
3	106	3
4	106	3
5	106	3
6	106	1
7	106	2
0	107	0
1	107	3
2	107	1
3	107	0
4	107	0
5	107	0
6	107	2
7	107	1
0	108	1
1	108	2
2	108	3
3	108	0
4	108	3
5	108	2
6	108	2
7	108	2
0	109	3
1	109	2
2	109	3
3	109	3
4	109	3
5	109	2
6	109	2
7	109	2
0	110	3
1	110	1
2	110	1
3	110	3
4	110	3
5	110	3
6	110	3
7	110	3
0	111	3
1	111	3
2	111	3
3	111	3
4	111	3
5	111	3
6	111	1
7	111	3
0	112	1
1	112	0
2	112	0
3	112	0
4	112	0
5	112	0
6	112	2
7	112	1
0	113	3
1	113	3
2	113	1
3	113	0
4	113	2
5	113	1
6	113	0
7	113	3
0	114	3
1	114	3
2	114	3
3	114	3
4	114	3
5	114	0
6	114	3
7	114	1
0	115	1
1	115	3
2	115	3
3	115	1
4	115	3
5	115	3
6	115	3
7	115	3
0	116	0
1	116	0
2	116	1
3	116	0
4	116	0
5	116	0
6	116	0
7	116	0
0	117	1
1	117	3
2	117	3
3	117	1
4	117	1
5	117	1
6	117	2
7	117	1
0	118	3
1	118	0
2	118	2
3	118	2
4	118	3
5	118	2
6	118	2
7	118	1
0	119	2
1	119	3
2	119	3
3	119	3
4	119	1
5	119	1
6	119	3
7	119	0
0	120	1
1	120	3
2	120	1
3	120	2
4	120	1
5	120	1
6	120	1
7	120	1
0	121	1
1	121	3
2	121	3
3	121	3
4	121	1
5	121	3
6	121	3
7	121	1
0	122	3
1	122	2
2	122	3
3	122	3
4	122	3
5	122	3
6	122	3
7	122	1
0	123	1
1	123	2
2	123	1
3	123	1
4	123	1
5	123	1
6	123	1
7	123	1
0	124	3
1	124	1
2	124	1
3	124	2
4	124	3
5	124	3
6	124	3
7	124	2
0	125	3
1	125	1
2	125	1
3	125	2
4	125	1
5	125	3
6	125	1
7	125	0
0	126	2
1	126	2
2	126	2
3	126	0
4	126	2
5	126	2
6	126	2
7	126	2
0	127	1
1	127	2
2	127	2
3	127	2
4	127	2
5	127	2
6	127	2
7	127	3
0	128	1
1	128	3
2	128	0
3	128	3
4	128	3
5	128	3
6	128	2
7	128	3
0	129	3
1	129	2
2	129	2
3	129	2
4	129	2
5	129	2
6	129	2
7	129	1
0	130	0
1	130	1
2	130	1
3	130	1
4	130	1
5	130	1
6	130	3
7	130	1
0	131	2
1	131	1
2	131	1
3	131	2
4	131	2
5	131	1
6	131	1
7	131	3
0	132	1
1	132	1
2	132	1
3	132	0
4	132	2
5	132	1
6	132	1
7	132	3
0	133	3
1	133	3
2	133	3
3	133	1
4	133	3
5	133	3
6	133	3
7	133	3
0	134	0
1	134	3
2	134	3
3	134	2
4	134	2
5	134	1
6	134	0
7	134	1
0	135	3
1	135	2
2	135	2
3	135	1
4	135	3
5	135	3
6	135	3
7	135	3
0	136	1
1	136	2
2	136	1
3	136	1
4	136	3
5	136	2
6	136	3
7	136	3
0	137	3
1	137	3
2	137	2
3	137	3
4	137	1
5	137	0
6	137	3
7	137	3
0	138	0
1	138	1
2	138	1
3	138	2
4	138	1
5	138	1
6	138	1
7	138	3
0	139	3
1	139	3
2	139	3
3	139	3
4	139	3
5	139	3
6	139	2
7	139	3
0	140	0
1	140	1
2	140	1
3	140	1
4	140	0
5	140	1
6	140	3
7	140	1
0	141	2
1	141	2
2	141	1
3	141	0
4	141	2
5	141	2
6	141	0
7	141	2
0	142	1
1	142	3
2	142	3
3	142	3
4	142	0
5	142	2
6	142	0
7	142	0
0	143	0
1	143	2
2	143	2
3	143	2
4	143	2
5	143	2
6	143	2
7	143	2
0	144	0
1	144	0
2	144	0
3	144	3
4	144	0
5	144	2
6	144	0
7	144	0
0	145	0
1	145	0
2	145	0
3	145	0
4	145	1
5	145	0
6	145	0
7	145	0
0	146	3
1	146	3
2	146	3
3	146	3
4	146	0
5	146	3
6	146	0
7	146	3
0	147	3
1	147	2
2	147	3
3	147	2
4	147	2
5	147	2
6	147	1
7	147	2
0	148	1
1	148	0
2	148	3
3	148	0
4	148	0
5	148	1
6	148	1
7	148	1
0	149	3
1	149	2
2	149	3
3	149	0
4	149	3
5	149	2
6	149	3
7	149	3
0	150	0
1	150	1
2	150	2
3	150	2
4	150	2
5	150	1
6	150	1
7	150	1
0	151	2
1	151	2
2	151	3
3	151	1
4	151	1
5	151	2
6	151	1
7	151	2
0	152	3
1	152	3
2	152	0
3	152	0
4	152	2
5	152	3
6	152	0
7	152	3
0	153	0
1	153	1
2	153	0
3	153	2
4	153	3
5	153	1
6	153	2
7	153	1
0	154	0
1	154	0
2	154	3
3	154	1
4	154	0
5	154	3
6	154	1
7	154	1
0	155	0
1	155	2
2	155	2
3	155	1
4	155	2
5	155	2
6	155	2
7	155	2
0	156	3
1	156	1
2	156	0
3	156	2
4	156	3
5	156	1
6	156	1
7	156	3
0	157	3
1	157	0
2	157	3
3	157	1
4	157	3
5	157	3
6	157	3
7	157	3
0	158	1
1	158	1
2	158	1
3	158	1
4	158	1
5	158	1
6	158	2
7	158	1
0	159	0
1	159	0
2	159	2
3	159	1
4	159	0
5	159	1
6	159	0
7	159	0
0	160	0
1	160	0
2	160	1
3	160	1
4	160	2
5	160	0
6	160	3
7	160	0
0	161	0
1	161	0
2	161	0
3	161	0
4	161	0
5	161	3
6	161	0
7	161	0
0	162	1
1	162	1
2	162	1
3	162	1
4	162	1
5	162	0
6	162	3
7	162	2
0	163	1
1	163	1
2	163	3
3	163	0
4	163	0
5	163	1
6	163	2
7	163	1
0	164	1
1	164	0
2	164	0
3	164	3
4	164	0
5	164	0
6	164	0
7	164	2
0	165	1
1	165	1
2	165	0
3	165	0
4	165	2
5	165	0
6	165	0
7	165	0
0	166	3
1	166	3
2	166	1
3	166	1
4	166	1
5	166	1
6	166	1
7	166	1
0	167	0
1	167	1
2	167	0
3	167	2
4	167	0
5	167	0
6	167	2
7	167	3
0	168	1
1	168	3
2	168	1
3	168	2
4	168	2
5	168	2
6	168	2
7	168	1
0	169	1
1	169	2
2	169	3
3	169	3
4	169	3
5	169	3
6	169	1
7	169	2
0	170	1
1	170	2
2	170	0
3	170	0
4	170	0
5	170	0
6	170	2
7	170	0
0	171	1
1	171	2
2	171	2
3	171	2
4	171	2
5	171	2
6	171	2
7	171	2
0	172	1
1	172	0
2	172	1
3	172	3
4	172	3
5	172	2
6	172	1
7	172	3
0	173	2
1	173	2
2	173	2
3	173	1
4	173	2
5	173	1
6	173	2
7	173	1
0	174	2
1	174	0
2	174	0
3	174	2
4	174	3
5	174	3
6	174	3
7	174	3
0	175	0
1	175	2
2	175	0
3	175	3
4	175	1
5	175	2
6	175	3
7	175	1
0	176	0
1	176	0
2	176	0
3	176	0
4	176	0
5	176	0
6	176	0
7	176	0
0	177	2
1	177	2
2	177	1
3	177	1
4	177	2
5	177	0
6	177	2
7	177	1
0	178	2
1	178	2
2	178	2
3	178	1
4	178	0
5	178	0
6	178	2
7	178	2
0	179	1
1	179	0
2	179	3
3	179	3
4	179	3
5	179	3
6	179	3
7	179	3
0	180	2
1	180	0
2	180	0
3	180	2
4	180	1
5	180	1
6	180	1
7	180	1
0	181	1
1	181	3
2	181	0
3	181	2
4	181	0
5	181	0
6	181	2
7	181	2
0	182	2
1	182	0
2	182	0
3	182	2
4	182	0
5	182	2
6	182	2
7	182	2
0	183	3
1	183	1
2	183	3
3	183	1
4	183	2
5	183	2
6	183	2
7	183	1
0	184	1
1	184	1
2	184	3
3	184	3
4	184	1
5	184	1
6	184	0
7	184	3
0	185	3
1	185	2
2	185	2
3	185	0
4	185	3
5	185	2
6	185	2
7	185	2
0	186	2
1	186	1
2	186	2
3	186	2
4	186	2
5	186	2
6	186	3
7	186	1
0	187	2
1	187	0
2	187	1
3	187	3
4	187	0
5	187	0
6	187	0
7	187	0
0	188	0
1	188	0
2	188	1
3	188	0
4	188	0
5	188	0
6	188	1
7	188	0
0	189	1
1	189	3
2	189	1
3	189	0
4	189	0
5	189	1
6	189	2
7	189	3
0	190	3
1	190	2
2	190	0
3	190	0
4	190	1
5	190	0
6	190	0
7	190	3
0	191	1
1	191	0
2	191	2
3	191	3
4	191	0
5	191	2
6	191	3
7	191	3
0	192	1
1	192	1
2	192	1
3	192	1
4	192	1
5	192	2
6	192	2
7	192	1
0	193	0
1	193	3
2	193	0
3	193	3
4	193	2
5	193	2
6	193	2
7	193	2
0	194	2
1	194	0
2	194	1
3	194	1
4	194	1
5	194	1
6	194	3
7	194	0
0	195	0
1	195	1
2	195	3
3	195	2
4	195	1
5	195	2
6	195	2
7	195	3
0	196	1
1	196	1
2	196	1
3	196	1
4	196	3
5	196	1
6	196	1
7	196	2
0	197	3
1	197	0
2	197	1
3	197	2
4	197	2
5	197	2
6	197	3
7	197	2
0	198	0
1	198	2
2	198	2
3	198	2
4	198	2
5	198	2
6	198	2
7	198	1
0	199	0
1	199	0
2	199	2
3	199	0
4	199	0
5	199	2
6	199	2
7	199	0
0	200	2
1	200	0
2	200	1
3	200	3
4	200	2
5	200	2
6	200	3
7	200	0
0	201	1
1	201	0
2	201	1
3	201	1
4	201	1
5	201	1
6	201	1
7	201	1
0	202	3
1	202	1
2	202	3
3	202	0
4	202	0
5	202	0
6	202	0
7	202	0
0	203	2
1	203	0
2	203	0
3	203	0
4	203	0
5	203	0
6	203	3
7	203	1
0	204	3
1	204	3
2	204	3
3	204	0
4	204	3
5	204	3
6	204	1
7	204	2
0	205	0
1	205	1
2	205	2
3	205	2
4	205	3
5	205	0
6	205	3
7	205	3
0	206	0
1	206	1
2	206	3
3	206	0
4	206	0
5	206	1
6	206	0
7	206	1
0	207	3
1	207	2
2	207	2
3	207	1
4	207	2
5	207	2
6	207	1
7	207	2
0	208	2
1	208	0
2	208	2
3	208	0
4	208	2
5	208	2
6	208	2
7	208	3
0	209	1
1	209	0
2	209	2
3	209	0
4	209	0
5	209	2
6	209	0
7	209	0
0	210	3
1	210	0
2	210	0
3	210	0
4	210	0
5	210	0
6	210	0
7	210	0
0	211	1
1	211	1
2	211	3
3	211	1
4	211	0
5	211	3
6	211	3
7	211	1
0	212	3
1	212	3
2	212	2
3	212	2
4	212	1
5	212	1
6	212	2
7	212	2
0	213	1
1	213	2
2	213	0
3	213	0
4	213	2
5	213	0
6	213	2
7	213	2
0	214	1
1	214	1
2	214	2
3	214	2
4	214	1
5	214	3
6	214	0
7	214	1
0	215	1
1	215	3
2	215	3
3	215	0
4	215	3
5	215	0
6	215	0
7	215	0
0	216	1
1	216	1
2	216	0
3	216	1
4	216	0
5	216	1
6	216	0
7	216	1
0	217	3
1	217	2
2	217	2
3	217	0
4	217	0
5	217	0
6	217	1
7	217	2
0	218	2
1	218	0
2	218	2
3	218	2
4	218	2
5	218	2
6	218	2
7	218	2
0	219	3
1	219	3
2	219	2
3	219	2
4	219	2
5	219	3
6	219	3
7	219	3
0	220	2
1	220	0
2	220	3
3	220	0
4	220	3
5	220	0
6	220	3
7	220	3
0	221	3
1	221	3
2	221	3
3	221	3
4	221	3
5	221	3
6	221	1
7	221	3
0	222	2
1	222	2
2	222	3
3	222	1
4	222	0
5	222	2
6	222	1
7	222	2
0	223	3
1	223	3
2	223	1
3	223	2
4	223	2
5	223	2
6	223	2
7	223	2
0	224	0
1	224	2
2	224	2
3	224	1
4	224	3
5	224	3
6	224	3
7	224	1
0	225	3
1	225	0
2	225	3
3	225	0
4	225	3
5	225	1
6	225	3
7	225	3
0	226	2
1	226	1
2	226	0
3	226	0
4	226	2
5	226	1
6	226	1
7	226	1
0	227	0
1	227	3
2	227	0
3	227	3
4	227	3
5	227	3
6	227	3
7	227	1
0	228	1
1	228	1
2	228	1
3	228	0
4	228	3
5	228	0
6	228	1
7	228	1
0	229	0
1	229	3
2	229	2
3	229	1
4	229	1
5	229	1
6	229	1
7	229	1
0	230	3
1	230	3
2	230	2
3	230	0
4	230	3
5	230	0
6	230	2
7	230	2
0	231	1
1	231	1
2	231	0
3	231	0
4	231	1
5	231	1
6	231	1
7	231	0
0	232	2
1	232	2
2	232	2
3	232	2
4	232	2
5	232	2
6	232	1
7	232	3
0	233	1
1	233	2
2	233	1
3	233	1
4	233	1
5	233	1
6	233	1
7	233	1
0	234	0
1	234	3
2	234	0
3	234	3
4	234	0
5	234	3
6	234	1
7	234	2
0	235	3
1	235	1
2	235	3
3	235	3
4	235	1
5	235	0
6	235	3
7	235	3
0	236	2
1	236	2
2	236	3
3	236	2
4	236	3
5	236	2
6	236	2
7	236	2
0	237	2
1	237	3
2	237	1
3	237	3
4	237	2
5	237	0
6	237	2
7	237	3
0	238	3
1	238	0
2	238	3
3	238	1
4	238	0
5	238	1
6	238	0
7	238	0
0	239	2
1	239	2
2	239	2
3	239	0
4	239	2
5	239	3
6	239	2
7	239	3
0	240	0
1	240	1
2	240	0
3	240	0
4	240	0
5	240	3
6	240	3
7	240	1
0	241	0
1	241	0
2	241	2
3	241	1
4	241	0
5	241	0
6	241	0
7	241	0
0	242	2
1	242	1
2	242	2
3	242	2
4	242	2
5	242	1
6	242	2
7	242	1
0	243	2
1	243	1
2	243	3
3	243	1
4	243	1
5	243	1
6	243	3
7	243	0
0	244	2
1	244	1
2	244	0
3	244	0
4	244	1
5	244	3
6	244	3
7	244	3
0	245	3
1	245	2
2	245	0
3	245	3
4	245	3
5	245	3
6	245	3
7	245	3
0	246	1
1	246	2
2	246	3
3	246	0
4	246	2
5	246	2
6	246	2
7	246	2
0	247	1
1	247	0
2	247	1
3	247	1
4	247	1
5	247	1
6	247	1
7	247	2
0	248	2
1	248	0
2	248	0
3	248	3
4	248	0
5	248	3
6	248	3
7	248	0
0	249	1
1	249	1
2	249	3
3	249	1
4	249	2
5	249	1
6	249	1
7	249	3
0	250	0
1	250	3
2	250	3
3	250	2
4	250	0
5	250	3
6	250	3
7	250	3
0	251	1
1	251	1
2	251	0
3	251	2
4	251	2
5	251	0
6	251	0
7	251	0
0	252	3
1	252	0
2	252	3
3	252	3
4	252	3
5	252	3
6	252	2
7	252	3
0	253	0
1	253	2
2	253	0
3	253	1
4	253	3
5	253	3
6	253	3
7	253	3
0	254	3
1	254	3
2	254	3
3	254	3
4	254	3
5	254	3
6	254	3
7	254	0
0	255	1
1	255	3
2	255	1
3	255	1
4	255	2
5	255	1
6	255	0
7	255	1
0	256	1
1	256	2
2	256	3
3	256	1
4	256	1
5	256	3
6	256	1
7	256	1
0	257	0
1	257	0
2	257	0
3	257	0
4	257	0
5	257	0
6	257	1
7	257	2
0	258	3
1	258	3
2	258	1
3	258	1
4	258	0
5	258	1
6	258	1
7	258	2
0	259	0
1	259	0
2	259	0
3	259	0
4	259	0
5	259	1
6	259	0
7	259	0
0	260	2
1	260	0
2	260	1
3	260	1
4	260	1
5	260	1
6	260	3
7	260	3
0	261	1
1	261	1
2	261	3
3	261	1
4	261	1
5	261	1
6	261	1
7	261	2
0	262	0
1	262	3
2	262	3
3	262	2
4	262	1
5	262	1
6	262	3
7	262	3
0	263	2
1	263	3
2	263	3
3	263	0
4	263	0
5	263	3
6	263	3
7	263	3
0	264	1
1	264	1
2	264	1
3	264	2
4	264	0
5	264	3
6	264	3
7	264	0
0	265	2
1	265	3
2	265	0
3	265	1
4	265	2
5	265	2
6	265	2
7	265	2
0	266	2
1	266	2
2	266	2
3	266	0
4	266	2
5	266	2
6	266	3
7	266	2
0	267	0
1	267	1
2	267	3
3	267	1
4	267	1
5	267	1
6	267	1
7	267	0
0	268	3
1	268	3
2	268	3
3	268	2
4	268	1
5	268	3
6	268	3
7	268	3
0	269	2
1	269	1
2	269	0
3	269	3
4	269	3
5	269	3
6	269	0
7	269	2
0	270	2
1	270	3
2	270	2
3	270	2
4	270	0
5	270	3
6	270	2
7	270	2
0	271	2
1	271	1
2	271	1
3	271	3
4	271	1
5	271	3
6	271	1
7	271	3
0	272	2
1	272	2
2	272	2
3	272	3
4	272	2
5	272	2
6	272	3
7	272	3
0	273	1
1	273	2
2	273	3
3	273	0
4	273	3
5	273	2
6	273	1
7	273	3
0	274	1
1	274	2
2	274	0
3	274	1
4	274	2
5	274	1
6	274	2
7	274	2
0	275	2
1	275	1
2	275	0
3	275	2
4	275	2
5	275	1
6	275	0
7	275	2
0	276	2
1	276	2
2	276	2
3	276	2
4	276	3
5	276	2
6	276	2
7	276	2
0	277	0
1	277	0
2	277	0
3	277	0
4	277	2
5	277	0
6	277	0
7	277	0
0	278	0
1	278	0
2	278	1
3	278	1
4	278	1
5	278	0
6	278	0
7	278	0
0	279	3
1	279	0
2	279	2
3	279	2
4	279	0
5	279	2
6	279	1
7	279	2
0	280	1
1	280	0
2	280	2
3	280	0
4	280	3
5	280	1
6	280	0
7	280	2
0	281	2
1	281	1
2	281	2
3	281	0
4	281	2
5	281	2
6	281	2
7	281	2
0	282	0
1	282	2
2	282	2
3	282	2
4	282	2
5	282	0
6	282	2
7	282	2
0	283	1
1	283	3
2	283	0
3	283	1
4	283	1
5	283	3
6	283	0
7	283	1
0	284	3
1	284	1
2	284	3
3	284	3
4	284	3
5	284	3
6	284	2
7	284	1
0	285	1
1	285	1
2	285	0
3	285	2
4	285	1
5	285	1
6	285	1
7	285	1
0	286	0
1	286	1
2	286	3
3	286	2
4	286	2
5	286	2
6	286	3
7	286	0
0	287	3
1	287	3
2	287	1
3	287	1
4	287	1
5	287	3
6	287	0
7	287	3
0	288	0
1	288	0
2	288	0
3	288	0
4	288	0
5	288	0
6	288	3
7	288	0
0	289	1
1	289	1
2	289	3
3	289	1
4	289	1
5	289	1
6	289	1
7	289	3
0	290	3
1	290	3
2	290	0
3	290	3
4	290	2
5	290	3
6	290	3
7	290	3
0	291	1
1	291	3
2	291	3
3	291	3
4	291	3
5	291	2
6	291	1
7	291	0
0	292	2
1	292	3
2	292	3
3	292	2
4	292	3
5	292	0
6	292	2
7	292	2
0	293	0
1	293	3
2	293	3
3	293	3
4	293	3
5	293	3
6	293	3
7	293	2
0	294	2
1	294	2
2	294	2
3	294	2
4	294	2
5	294	3
6	294	1
7	294	2
0	295	2
1	295	2
2	295	3
3	295	0
4	295	1
5	295	2
6	295	3
7	295	3
0	296	2
1	296	2
2	296	1
3	296	2
4	296	3
5	296	0
6	296	0
7	296	0
0	297	1
1	297	2
2	297	2
3	297	0
4	297	1
5	297	3
6	297	1
7	297	1
0	298	1
1	298	0
2	298	1
3	298	3
4	298	1
5	298	1
6	298	0
7	298	1
0	299	2
1	299	2
2	299	2
3	299	2
4	299	2
5	299	2
6	299	3
7	299	3
0	300	3
1	300	1
2	300	2
3	300	1
4	300	1
5	300	1
6	300	1
7	300	0
0	301	3
1	301	0
2	301	0
3	301	0
4	301	1
5	301	1
6	301	2
7	301	0
0	302	2
1	302	1
2	302	2
3	302	3
4	302	1
5	302	0
6	302	2
7	302	2
0	303	3
1	303	3
2	303	2
3	303	1
4	303	2
5	303	3
6	303	3
7	303	3
0	304	2
1	304	0
2	304	0
3	304	1
4	304	2
5	304	2
6	304	0
7	304	3
0	305	2
1	305	2
2	305	3
3	305	0
4	305	2
5	305	3
6	305	3
7	305	3
0	306	1
1	306	1
2	306	3
3	306	3
4	306	1
5	306	1
6	306	3
7	306	1
0	307	2
1	307	2
2	307	2
3	307	0
4	307	1
5	307	0
6	307	3
7	307	0
0	308	3
1	308	0
2	308	0
3	308	0
4	308	0
5	308	0
6	308	1
7	308	0
0	309	0
1	309	2
2	309	2
3	309	0
4	309	0
5	309	0
6	309	0
7	309	1
0	310	1
1	310	2
2	310	2
3	310	1
4	310	1
5	310	1
6	310	1
7	310	1
0	311	2
1	311	0
2	311	3
3	311	1
4	311	3
5	311	3
6	311	3
7	311	3
0	312	2
1	312	1
2	312	0
3	312	2
4	312	1
5	312	2
6	312	1
7	312	2
0	313	2
1	313	1
2	313	0
3	313	1
4	313	0
5	313	0
6	313	1
7	313	0
0	314	2
1	314	1
2	314	0
3	314	2
4	314	1
5	314	0
6	314	2
7	314	2
0	315	3
1	315	3
2	315	1
3	315	3
4	315	0
5	315	1
6	315	0
7	315	3
0	316	3
1	316	3
2	316	3
3	316	2
4	316	1
5	316	0
6	316	3
7	316	1
0	317	1
1	317	0
2	317	3
3	317	2
4	317	1
5	317	1
6	317	1
7	317	1
0	318	3
1	318	1
2	318	3
3	318	3
4	318	3
5	318	3
6	318	1
7	318	3
0	319	2
1	319	1
2	319	2
3	319	3
4	319	0
5	319	0
6	319	2
7	319	2
0	320	3
1	320	2
2	320	1
3	320	0
4	320	3
5	320	1
6	320	3
7	320	2
0	321	3
1	321	2
2	321	2
3	321	2
4	321	3
5	321	2
6	321	3
7	321	2
0	322	2
1	322	2
2	322	1
3	322	2
4	322	2
5	322	2
6	322	2
7	322	2
0	323	3
1	323	0
2	323	0
3	323	0
4	323	1
5	323	1
6	323	1
7	323	1
0	324	3
1	324	1
2	324	3
3	324	1
4	324	3
5	324	1
6	324	2
7	324	1
0	325	2
1	325	3
2	325	2
3	325	3
4	325	2
5	325	2
6	325	2
7	325	2
0	326	2
1	326	0
2	326	0
3	326	0
4	326	0
5	326	0
6	326	0
7	326	0
0	327	0
1	327	1
2	327	0
3	327	0
4	327	2
5	327	0
6	327	0
7	327	0
0	328	3
1	328	3
2	328	2
3	328	2
4	328	1
5	328	3
6	328	3
7	328	3
0	329	0
1	329	1
2	329	2
3	329	1
4	329	0
5	329	0
6	329	1
7	329	1
0	330	1
1	330	3
2	330	3
3	330	3
4	330	3
5	330	3
6	330	3
7	330	3
0	331	0
1	331	3
2	331	2
3	331	0
4	331	0
5	331	0
6	331	0
7	331	3
0	332	2
1	332	0
2	332	2
3	332	3
4	332	3
5	332	2
6	332	2
7	332	0
0	333	2
1	333	0
2	333	2
3	333	3
4	333	0
5	333	2
6	333	2
7	333	3
0	334	1
1	334	2
2	334	3
3	334	2
4	334	2
5	334	2
6	334	2
7	334	1
0	335	2
1	335	2
2	335	1
3	335	1
4	335	1
5	335	1
6	335	3
7	335	2
0	336	3
1	336	3
2	336	3
3	336	3
4	336	2
5	336	0
6	336	2
7	336	3
0	337	0
1	337	2
2	337	2
3	337	3
4	337	2
5	337	2
6	337	1
7	337	2
0	338	3
1	338	3
2	338	1
3	338	2
4	338	1
5	338	2
6	338	2
7	338	3
0	339	2
1	339	0
2	339	0
3	339	2
4	339	2
5	339	3
6	339	2
7	339	2
0	340	2
1	340	2
2	340	3
3	340	2
4	340	2
5	340	2
6	340	2
7	340	2
0	341	1
1	341	2
2	341	0
3	341	3
4	341	1
5	341	1
6	341	0
7	341	3
0	342	0
1	342	0
2	342	1
3	342	3
4	342	1
5	342	1
6	342	1
7	342	1
0	343	3
1	343	0
2	343	0
3	343	0
4	343	0
5	343	0
6	343	0
7	343	0
0	344	2
1	344	0
2	344	0
3	344	3
4	344	0
5	344	3
6	344	2
7	344	3
0	345	2
1	345	2
2	345	2
3	345	0
4	345	1
5	345	2
6	345	3
7	345	3
0	346	1
1	346	2
2	346	1
3	346	2
4	346	1
5	346	1
6	346	3
7	346	3
0	347	0
1	347	3
2	347	3
3	347	1
4	347	0
5	347	0
6	347	0
7	347	0
0	348	3
1	348	3
2	348	3
3	348	3
4	348	3
5	348	3
6	348	3
7	348	3
0	349	0
1	349	1
2	349	1
3	349	0
4	349	0
5	349	0
6	349	0
7	349	2
0	350	2
1	350	2
2	350	1
3	350	0
4	350	0
5	350	0
6	350	2
7	350	0
0	351	1
1	351	0
2	351	0
3	351	0
4	351	2
5	351	1
6	351	2
7	351	1
0	352	3
1	352	3
2	352	3
3	352	3
4	352	2
5	352	3
6	352	1
7	352	1
0	353	2
1	353	1
2	353	0
3	353	2
4	353	2
5	353	2
6	353	3
7	353	2
0	354	1
1	354	1
2	354	1
3	354	1
4	354	1
5	354	2
6	354	1
7	354	1
0	355	0
1	355	1
2	355	2
3	355	0
4	355	1
5	355	0
6	355	0
7	355	0
0	356	3
1	356	1
2	356	0
3	356	3
4	356	1
5	356	2
6	356	2
7	356	0
0	357	2
1	357	1
2	357	1
3	357	0
4	357	1
5	357	2
6	357	1
7	357	1
0	358	0
1	358	2
2	358	0
3	358	0
4	358	3
5	358	0
6	358	3
7	358	0
0	359	0
1	359	2
2	359	0
3	359	0
4	359	0
5	359	0
6	359	0
7	359	0
0	360	1
1	360	1
2	360	2
3	360	1
4	360	2
5	360	3
6	360	0
7	360	1
0	361	0
1	361	1
2	361	1
3	361	2
4	361	0
5	361	1
6	361	1
7	361	2
0	362	3
1	362	3
2	362	1
3	362	0
4	362	1
5	362	1
6	362	2
7	362	0
0	363	1
1	363	0
2	363	3
3	363	3
4	363	2
5	363	3
6	363	2
7	363	3
0	364	0
1	364	0
2	364	0
3	364	1
4	364	3
5	364	1
6	364	0
7	364	0
0	365	1
1	365	1
2	365	0
3	365	1
4	365	1
5	365	1
6	365	0
7	365	1
0	366	1
1	366	1
2	366	1
3	366	0
4	366	3
5	366	3
6	366	3
7	366	1
0	367	1
1	367	3
2	367	1
3	367	3
4	367	3
5	367	1
6	367	1
7	367	3
0	368	2
1	368	1
2	368	3
3	368	0
4	368	2
5	368	2
6	368	2
7	368	3
0	369	0
1	369	0
2	369	0
3	369	0
4	369	2
5	369	0
6	369	3
7	369	3
0	370	2
1	370	3
2	370	3
3	370	1
4	370	2
5	370	2
6	370	1
7	370	1
0	371	2
1	371	2
2	371	0
3	371	3
4	371	2
5	371	0
6	371	2
7	371	2
0	372	2
1	372	3
2	372	3
3	372	3
4	372	3
5	372	1
6	372	3
7	372	1
0	373	2
1	373	2
2	373	2
3	373	2
4	373	3
5	373	2
6	373	2
7	373	2
0	374	3
1	374	3
2	374	0
3	374	0
4	374	3
5	374	3
6	374	3
7	374	0
0	375	0
1	375	2
2	375	2
3	375	2
4	375	2
5	375	3
6	375	2
7	375	0
0	376	3
1	376	1
2	376	1
3	376	1
4	376	1
5	376	0
6	376	1
7	376	1
0	377	1
1	377	1
2	377	3
3	377	2
4	377	3
5	377	1
6	377	1
7	377	1
0	378	1
1	378	1
2	378	1
3	378	1
4	378	1
5	378	1
6	378	1
7	378	1
0	379	0
1	379	0
2	379	0
3	379	3
4	379	2
5	379	0
6	379	3
7	379	0
0	380	0
1	380	1
2	380	0
3	380	2
4	380	3
5	380	0
6	380	0
7	380	2
0	381	3
1	381	2
2	381	2
3	381	3
4	381	0
5	381	3
6	381	1
7	381	2
0	382	1
1	382	2
2	382	1
3	382	2
4	382	2
5	382	2
6	382	1
7	382	2
0	383	0
1	383	0
2	383	0
3	383	0
4	383	0
5	383	0
6	383	0
7	383	0
0	384	0
1	384	0
2	384	0
3	384	0
4	384	2
5	384	3
6	384	0
7	384	0
0	385	3
1	385	1
2	385	3
3	385	1
4	385	0
5	385	3
6	385	3
7	385	3
0	386	0
1	386	1
2	386	1
3	386	2
4	386	3
5	386	1
6	386	1
7	386	2
0	387	3
1	387	0
2	387	0
3	387	0
4	387	3
5	387	3
6	387	3
7	387	0
0	388	3
1	388	1
2	388	1
3	388	3
4	388	3
5	388	3
6	388	3
7	388	2
0	389	0
1	389	0
2	389	0
3	389	0
4	389	3
5	389	2
6	389	2
7	389	1
0	390	0
1	390	0
2	390	2
3	390	1
4	390	2
5	390	1
6	390	2
7	390	2
0	391	3
1	391	3
2	391	3
3	391	2
4	391	1
5	391	3
6	391	1
7	391	2
0	392	3
1	392	1
2	392	3
3	392	2
4	392	3
5	392	3
6	392	2
7	392	3
0	393	1
1	393	0
2	393	1
3	393	0
4	393	2
5	393	1
6	393	2
7	393	0
0	394	3
1	394	0
2	394	1
3	394	3
4	394	1
5	394	1
6	394	1
7	394	1
0	395	0
1	395	0
2	395	1
3	395	0
4	395	0
5	395	0
6	395	1
7	395	3
0	396	3
1	396	3
2	396	3
3	396	1
4	396	0
5	396	2
6	396	2
7	396	2
0	397	2
1	397	2
2	397	1
3	397	2
4	397	2
5	397	2
6	397	2
7	397	2
0	398	2
1	398	0
2	398	1
3	398	2
4	398	3
5	398	2
6	398	2
7	398	0
0	399	3
1	399	3
2	399	2
3	399	2
4	399	3
5	399	3
6	399	1
7	399	3
0	400	0
1	400	1
2	400	1
3	400	1
4	400	1
5	400	1
6	400	2
7	400	1
0	401	0
1	401	0
2	401	0
3	401	1
4	401	2
5	401	2
6	401	2
7	401	0
0	402	0
1	402	0
2	402	1
3	402	3
4	402	0
5	402	0
6	402	0
7	402	2
0	403	3
1	403	0
2	403	2
3	403	3
4	403	3
5	403	0
6	403	2
7	403	0
0	404	0
1	404	0
2	404	0
3	404	3
4	404	0
5	404	0
6	404	1
7	404	0
0	405	1
1	405	1
2	405	2
3	405	1
4	405	2
5	405	2
6	405	2
7	405	3
0	406	0
1	406	0
2	406	0
3	406	0
4	406	3
5	406	3
6	406	0
7	406	3
0	407	1
1	407	1
2	407	1
3	407	2
4	407	1
5	407	1
6	407	0
7	407	1
0	408	0
1	408	0
2	408	2
3	408	2
4	408	2
5	408	2
6	408	1
7	408	2
0	409	1
1	409	3
2	409	0
3	409	1
4	409	0
5	409	1
6	409	1
7	409	1
0	410	1
1	410	1
2	410	1
3	410	1
4	410	1
5	410	1
6	410	1
7	410	1
0	411	1
1	411	1
2	411	2
3	411	3
4	411	0
5	411	2
6	411	1
7	411	2
0	412	1
1	412	2
2	412	0
3	412	3
4	412	2
5	412	2
6	412	3
7	412	2
0	413	0
1	413	3
2	413	0
3	413	0
4	413	0
5	413	3
6	413	3
7	413	0
0	414	3
1	414	0
2	414	3
3	414	3
4	414	3
5	414	3
6	414	3
7	414	3
0	415	0
1	415	2
2	415	0
3	415	3
4	415	0
5	415	3
6	415	3
7	415	0
0	416	3
1	416	3
2	416	2
3	416	2
4	416	1
5	416	1
6	416	0
7	416	1
0	417	2
1	417	2
2	417	2
3	417	1
4	417	3
5	417	2
6	417	2
7	417	2
0	418	2
1	418	2
2	418	2
3	418	2
4	418	2
5	418	1
6	418	2
7	418	2
0	419	3
1	419	1
2	419	1
3	419	1
4	419	2
5	419	1
6	419	1
7	419	0
0	420	0
1	420	3
2	420	3
3	420	0
4	420	3
5	420	3
6	420	3
7	420	1
0	421	3
1	421	0
2	421	0
3	421	2
4	421	0
5	421	0
6	421	0
7	421	0
0	422	1
1	422	1
2	422	2
3	422	1
4	422	3
5	422	1
6	422	3
7	422	1
0	423	2
1	423	0
2	423	2
3	423	2
4	423	2
5	423	2
6	423	1
7	423	3
0	424	3
1	424	1
2	424	3
3	424	2
4	424	0
5	424	3
6	424	0
7	424	0
0	425	2
1	425	3
2	425	3
3	425	0
4	425	2
5	425	0
6	425	0
7	425	2
0	426	0
1	426	0
2	426	0
3	426	0
4	426	0
5	426	0
6	426	0
7	426	0
0	427	2
1	427	0
2	427	3
3	427	0
4	427	0
5	427	0
6	427	1
7	427	0
0	428	2
1	428	1
2	428	0
3	428	2
4	428	0
5	428	1
6	428	1
7	428	1
0	429	2
1	429	1
2	429	3
3	429	3
4	429	3
5	429	2
6	429	3
7	429	3
0	430	1
1	430	1
2	430	1
3	430	0
4	430	1
5	430	2
6	430	3
7	430	3
0	431	3
1	431	2
2	431	2
3	431	1
4	431	2
5	431	2
6	431	0
7	431	1
0	432	0
1	432	1
2	432	1
3	432	1
4	432	1
5	432	3
6	432	0
7	432	1
0	433	2
1	433	2
2	433	2
3	433	2
4	433	0
5	433	2
6	433	3
7	433	3
0	434	0
1	434	1
2	434	1
3	434	3
4	434	0
5	434	1
6	434	1
7	434	2
0	435	0
1	435	3
2	435	3
3	435	3
4	435	3
5	435	1
6	435	3
7	435	1
0	436	0
1	436	0
2	436	3
3	436	0
4	436	3
5	436	3
6	436	3
7	436	3
0	437	0
1	437	3
2	437	0
3	437	0
4	437	2
5	437	0
6	437	0
7	437	0
0	438	1
1	438	0
2	438	0
3	438	2
4	438	1
5	438	0
6	438	1
7	438	0
0	439	1
1	439	0
2	439	1
3	439	2
4	439	1
5	439	2
6	439	1
7	439	1
0	440	1
1	440	3
2	440	2
3	440	0
4	440	1
5	440	0
6	440	1
7	440	1
0	441	0
1	441	0
2	441	0
3	441	0
4	441	3
5	441	3
6	441	1
7	441	3
0	442	0
1	442	3
2	442	3
3	442	0
4	442	2
5	442	3
6	442	2
7	442	1
0	443	0
1	443	3
2	443	3
3	443	0
4	443	1
5	443	0
6	443	0
7	443	0
0	444	2
1	444	2
2	444	2
3	444	2
4	444	2
5	444	2
6	444	3
7	444	2
0	445	2
1	445	3
2	445	1
3	445	3
4	445	1
5	445	3
6	445	3
7	445	3
0	446	0
1	446	3
2	446	1
3	446	3
4	446	1
5	446	1
6	446	3
7	446	0
0	447	0
1	447	1
2	447	2
3	447	1
4	447	0
5	447	0
6	447	0
7	447	0
0	448	2
1	448	2
2	448	0
3	448	2
4	448	1
5	448	3
6	448	1
7	448	0
0	449	0
1	449	1
2	449	3
3	449	0
4	449	3
5	449	0
6	449	1
7	449	1
0	450	1
1	450	2
2	450	2
3	450	1
4	450	3
5	450	2
6	450	0
7	450	2
0	451	3
1	451	0
2	451	3
3	451	0
4	451	0
5	451	0
6	451	3
7	451	0
0	452	3
1	452	2
2	452	0
3	452	1
4	452	1
5	452	3
6	452	0
7	452	0
0	453	2
1	453	2
2	453	2
3	453	3
4	453	3
5	453	2
6	453	2
7	453	2
0	454	1
1	454	0
2	454	3
3	454	1
4	454	1
5	454	1
6	454	1
7	454	1
0	455	1
1	455	0
2	455	2
3	455	0
4	455	3
5	455	2
6	455	2
7	455	0
0	456	3
1	456	3
2	456	3
3	456	3
4	456	3
5	456	3
6	456	3
7	456	3
0	457	3
1	457	3
2	457	3
3	457	1
4	457	3
5	457	1
6	457	3
7	457	3
0	458	2
1	458	0
2	458	0
3	458	0
4	458	0
5	458	0
6	458	1
7	458	0
0	459	2
1	459	2
2	459	3
3	459	2
4	459	1
5	459	1
6	459	1
7	459	1
0	460	0
1	460	2
2	460	2
3	460	1
4	460	3
5	460	3
6	460	3
7	460	3
0	461	2
1	461	3
2	461	0
3	461	1
4	461	0
5	461	0
6	461	0
7	461	0
0	462	0
1	462	0
2	462	2
3	462	1
4	462	3
5	462	0
6	462	0
7	462	1
0	463	2
1	463	1
2	463	0
3	463	0
4	463	3
5	463	0
6	463	0
7	463	0
0	464	2
1	464	0
2	464	0
3	464	0
4	464	2
5	464	2
6	464	2
7	464	3
0	465	2
1	465	2
2	465	2
3	465	0
4	465	2
5	465	3
6	465	2
7	465	1
0	466	1
1	466	1
2	466	1
3	466	1
4	466	2
5	466	2
6	466	3
7	466	3
0	467	3
1	467	0
2	467	1
3	467	0
4	467	2
5	467	2
6	467	0
7	467	3
0	468	3
1	468	1
2	468	1
3	468	1
4	468	0
5	468	1
6	468	1
7	468	3
0	469	3
1	469	3
2	469	0
3	469	3
4	469	3
5	469	3
6	469	3
7	469	3
0	470	0
1	470	3
2	470	3
3	470	3
4	470	3
5	470	1
6	470	3
7	470	3
0	471	0
1	471	0
2	471	0
3	471	1
4	471	0
5	471	3
6	471	0
7	471	0
0	472	2
1	472	2
2	472	3
3	472	2
4	472	1
5	472	1
6	472	2
7	472	1
0	473	0
1	473	2
2	473	0
3	473	2
4	473	1
5	473	0
6	473	0
7	473	0
0	474	0
1	474	0
2	474	0
3	474	0
4	474	0
5	474	0
6	474	0
7	474	0
0	475	3
1	475	3
2	475	3
3	475	3
4	475	1
5	475	1
6	475	0
7	475	0
0	476	0
1	476	3
2	476	0
3	476	1
4	476	0
5	476	0
6	476	1
7	476	0
0	477	1
1	477	3
2	477	3
3	477	3
4	477	3
5	477	1
6	477	2
7	477	3
0	478	0
1	478	2
2	478	2
3	478	2
4	478	3
5	478	2
6	478	0
7	478	0
0	479	0
1	479	2
2	479	2
3	479	2
4	479	0
5	479	3
6	479	2
7	479	2
0	480	1
1	480	0
2	480	1
3	480	1
4	480	2
5	480	1
6	480	1
7	480	1
0	481	1
1	481	0
2	481	3
3	481	2
4	481	0
5	481	0
6	481	3
7	481	1
0	482	2
1	482	0
2	482	3
3	482	2
4	482	0
5	482	3
6	482	0
7	482	2
0	483	3
1	483	3
2	483	2
3	483	1
4	483	0
5	483	2
6	483	2
7	483	0
0	484	0
1	484	3
2	484	3
3	484	0
4	484	3
5	484	3
6	484	3
7	484	3
0	485	2
1	485	3
2	485	2
3	485	1
4	485	2
5	485	1
6	485	2
7	485	2
0	486	0
1	486	0
2	486	3
3	486	2
4	486	0
5	486	2
6	486	0
7	486	0
0	487	1
1	487	1
2	487	1
3	487	0
4	487	1
5	487	1
6	487	1
7	487	1
0	488	0
1	488	2
2	488	0
3	488	1
4	488	0
5	488	2
6	488	0
7	488	1
0	489	0
1	489	0
2	489	0
3	489	2
4	489	1
5	489	0
6	489	0
7	489	0
0	490	2
1	490	1
2	490	3
3	490	1
4	490	1
5	490	2
6	490	0
7	490	1
0	491	2
1	491	0
2	491	3
3	491	1
4	491	2
5	491	1
6	491	3
7	491	1
0	492	1
1	492	2
2	492	1
3	492	2
4	492	2
5	492	2
6	492	2
7	492	1
0	493	1
1	493	0
2	493	0
3	493	0
4	493	0
5	493	0
6	493	3
7	493	1
0	494	0
1	494	3
2	494	1
3	494	0
4	494	2
5	494	3
6	494	3
7	494	2
0	495	3
1	495	2
2	495	1
3	495	3
4	495	2
5	495	0
6	495	2
7	495	2
0	496	0
1	496	0
2	496	0
3	496	0
4	496	0
5	496	0
6	496	0
7	496	0
0	497	1
1	497	0
2	497	3
3	497	0
4	497	1
5	497	3
6	497	3
7	497	1
0	498	3
1	498	3
2	498	3
3	498	3
4	498	0
5	498	0
6	498	2
7	498	0
0	499	1
1	499	0
2	499	3
3	499	3
4	499	0
5	499	0
6	499	2
7	499	0
0	500	0
1	500	0
2	500	0
3	500	3
4	500	0
5	500	0
6	500	0
7	500	0
0	501	0
1	501	1
2	501	2
3	501	1
4	501	1
5	501	0
6	501	1
7	501	0
0	502	0
1	502	0
2	502	3
3	502	2
4	502	0
5	502	0
6	502	3
7	502	0
0	503	1
1	503	1
2	503	1
3	503	3
4	503	1
5	503	1
6	503	1
7	503	1
0	504	0
1	504	0
2	504	2
3	504	2
4	504	0
5	504	0
6	504	0
7	504	0
0	505	0
1	505	1
2	505	1
3	505	1
4	505	1
5	505	1
6	505	2
7	505	3
0	506	1
1	506	2
2	506	2
3	506	2
4	506	3
5	506	1
6	506	0
7	506	3
0	507	2
1	507	0
2	507	3
3	507	0
4	507	0
5	507	0
6	507	0
7	507	0
0	508	0
1	508	3
2	508	1
3	508	3
4	508	3
5	508	3
6	508	3
7	508	3
0	509	1
1	509	0
2	509	0
3	509	0
4	509	0
5	509	0
6	509	0
7	509	0
0	510	2
1	510	2
2	510	2
3	510	2
4	510	2
5	510	2
6	510	3
7	510	2
0	511	2
1	511	0
2	511	2
3	511	2
4	511	0
5	511	0
6	511	2
7	511	0
0	512	2
1	512	0
2	512	2
3	512	1
4	512	2
5	512	0
6	512	2
7	512	1
0	513	0
1	513	1
2	513	2
3	513	3
4	513	3
5	513	1
6	513	1
7	513	1
0	514	3
1	514	3
2	514	0
3	514	3
4	514	3
5	514	0
6	514	3
7	514	2
0	515	0
1	515	0
2	515	3
3	515	2
4	515	1
5	515	0
6	515	2
7	515	1
0	516	2
1	516	0
2	516	1
3	516	3
4	516	0
5	516	0
6	516	0
7	516	0
0	517	3
1	517	1
2	517	1
3	517	2
4	517	2
5	517	1
6	517	2
7	517	2
0	518	1
1	518	1
2	518	1
3	518	2
4	518	1
5	518	1
6	518	2
7	518	3
0	519	3
1	519	3
2	519	2
3	519	3
4	519	1
5	519	3
6	519	3
7	519	2
0	520	3
1	520	1
2	520	1
3	520	2
4	520	1
5	520	1
6	520	2
7	520	2
0	521	3
1	521	2
2	521	0
3	521	1
4	521	3
5	521	3
6	521	1
7	521	3
0	522	1
1	522	1
2	522	0
3	522	2
4	522	2
5	522	0
6	522	1
7	522	1
0	523	1
1	523	3
2	523	1
3	523	1
4	523	3
5	523	2
6	523	2
7	523	2
0	524	2
1	524	0
2	524	0
3	524	1
4	524	0
5	524	0
6	524	0
7	524	0
0	525	1
1	525	1
2	525	2
3	525	1
4	525	1
5	525	1
6	525	1
7	525	3
0	526	3
1	526	1
2	526	1
3	526	2
4	526	2
5	526	1
6	526	1
7	526	0
0	527	3
1	527	0
2	527	0
3	527	2
4	527	2
5	527	0
6	527	0
7	527	0
0	528	2
1	528	2
2	528	2
3	528	2
4	528	1
5	528	2
6	528	1
7	528	2
0	529	2
1	529	2
2	529	3
3	529	2
4	529	2
5	529	2
6	529	2
7	529	2
0	530	0
1	530	3
2	530	1
3	530	1
4	530	1
5	530	1
6	530	0
7	530	1
0	531	2
1	531	1
2	531	2
3	531	3
4	531	0
5	531	2
6	531	2
7	531	2
0	532	1
1	532	1
2	532	1
3	532	1
4	532	1
5	532	1
6	532	1
7	532	3
0	533	3
1	533	3
2	533	1
3	533	2
4	533	3
5	533	3
6	533	3
7	533	0
0	534	3
1	534	3
2	534	2
3	534	1
4	534	2
5	534	3
6	534	3
7	534	2
0	535	3
1	535	3
2	535	3
3	535	2
4	535	2
5	535	3
6	535	3
7	535	3
0	536	2
1	536	1
2	536	0
3	536	1
4	536	0
5	536	1
6	536	1
7	536	1
0	537	1
1	537	2
2	537	3
3	537	1
4	537	3
5	537	3
6	537	0
7	537	3
0	538	3
1	538	2
2	538	0
3	538	2
4	538	2
5	538	0
6	538	3
7	538	1
0	539	2
1	539	3
2	539	3
3	539	2
4	539	2
5	539	2
6	539	0
7	539	2
0	540	2
1	540	2
2	540	0
3	540	2
4	540	2
5	540	2
6	540	0
7	540	1
0	541	3
1	541	2
2	541	0
3	541	0
4	541	3
5	541	1
6	541	0
7	541	3
0	542	3
1	542	1
2	542	2
3	542	1
4	542	3
5	542	1
6	542	0
7	542	0
0	543	1
1	543	0
2	543	2
3	543	1
4	543	1
5	543	1
6	543	1
7	543	3
0	544	0
1	544	3
2	544	2
3	544	2
4	544	2
5	544	2
6	544	2
7	544	0
0	545	2
1	545	3
2	545	0
3	545	0
4	545	3
5	545	2
6	545	3
7	545	0
0	546	3
1	546	0
2	546	0
3	546	3
4	546	3
5	546	3
6	546	3
7	546	3
0	547	1
1	547	2
2	547	0
3	547	3
4	547	2
5	547	3
6	547	1
7	547	2
0	548	3
1	548	2
2	548	2
3	548	2
4	548	2
5	548	2
6	548	3
7	548	2
0	549	2
1	549	3
2	549	3
3	549	1
4	549	1
5	549	1
6	549	0
7	549	1
0	550	1
1	550	3
2	550	2
3	550	3
4	550	3
5	550	2
6	550	3
7	550	3
0	551	0
1	551	0
2	551	0
3	551	2
4	551	0
5	551	0
6	551	3
7	551	3
0	552	0
1	552	1
2	552	3
3	552	0
4	552	1
5	552	1
6	552	3
7	552	1
0	553	2
1	553	2
2	553	2
3	553	2
4	553	2
5	553	2
6	553	0
7	553	2
0	554	1
1	554	1
2	554	1
3	554	1
4	554	0
5	554	0
6	554	2
7	554	1
0	555	0
1	555	0
2	555	3
3	555	2
4	555	3
5	555	0
6	555	3
7	555	2
0	556	1
1	556	1
2	556	2
3	556	2
4	556	2
5	556	2
6	556	2
7	556	2
0	557	1
1	557	2
2	557	1
3	557	1
4	557	1
5	557	1
6	557	2
7	557	1
0	558	2
1	558	0
2	558	2
3	558	3
4	558	2
5	558	0
6	558	2
7	558	2
0	559	1
1	559	1
2	559	0
3	559	0
4	559	1
5	559	3
6	559	1
7	559	1
0	560	0
1	560	1
2	560	3
3	560	2
4	560	0
5	560	0
6	560	0
7	560	1
0	561	2
1	561	0
2	561	3
3	561	2
4	561	2
5	561	0
6	561	0
7	561	0
0	562	2
1	562	1
2	562	1
3	562	1
4	562	1
5	562	1
6	562	0
7	562	1
0	563	0
1	563	2
2	563	2
3	563	1
4	563	0
5	563	0
6	563	0
7	563	1
0	564	3
1	564	2
2	564	2
3	564	2
4	564	1
5	564	1
6	564	2
7	564	3
0	565	1
1	565	1
2	565	1
3	565	0
4	565	3
5	565	1
6	565	3
7	565	1
0	566	2
1	566	1
2	566	1
3	566	1
4	566	1
5	566	1
6	566	1
7	566	2
0	567	2
1	567	0
2	567	1
3	567	0
4	567	2
5	567	1
6	567	0
7	567	2
0	568	2
1	568	2
2	568	2
3	568	1
4	568	2
5	568	2
6	568	1
7	568	2
0	569	3
1	569	3
2	569	3
3	569	3
4	569	3
5	569	0
6	569	3
7	569	3
0	570	2
1	570	2
2	570	3
3	570	2
4	570	1
5	570	1
6	570	1
7	570	1
0	571	3
1	571	0
2	571	0
3	571	1
4	571	1
5	571	1
6	571	1
7	571	1
0	572	2
1	572	3
2	572	3
3	572	1
4	572	3
5	572	1
6	572	1
7	572	3
0	573	3
1	573	3
2	573	2
3	573	1
4	573	0
5	573	0
6	573	3
7	573	3
0	574	2
1	574	2
2	574	3
3	574	0
4	574	3
5	574	0
6	574	1
7	574	1
0	575	0
1	575	0
2	575	1
3	575	1
4	575	1
5	575	1
6	575	1
7	575	1
0	576	1
1	576	1
2	576	1
3	576	2
4	576	3
5	576	1
6	576	1
7	576	0
0	577	3
1	577	0
2	577	0
3	577	0
4	577	0
5	577	0
6	577	0
7	577	3
0	578	2
1	578	3
2	578	3
3	578	0
4	578	0
5	578	3
6	578	0
7	578	0
0	579	0
1	579	0
2	579	0
3	579	3
4	579	0
5	579	0
6	579	1
7	579	3
0	580	0
1	580	0
2	580	2
3	580	1
4	580	2
5	580	1
6	580	1
7	580	0
0	581	2
1	581	3
2	581	2
3	581	3
4	581	3
5	581	3
6	581	2
7	581	3
0	582	1
1	582	1
2	582	0
3	582	2
4	582	2
5	582	1
6	582	1
7	582	1
0	583	0
1	583	1
2	583	1
3	583	1
4	583	1
5	583	1
6	583	1
7	583	1
0	584	1
1	584	3
2	584	1
3	584	1
4	584	2
5	584	2
6	584	0
7	584	2
0	585	3
1	585	3
2	585	1
3	585	3
4	585	2
5	585	3
6	585	0
7	585	1
0	586	0
1	586	0
2	586	0
3	586	3
4	586	3
5	586	0
6	586	0
7	586	0
0	587	1
1	587	0
2	587	0
3	587	0
4	587	0
5	587	3
6	587	2
7	587	0
0	588	1
1	588	0
2	588	0
3	588	2
4	588	0
5	588	1
6	588	1
7	588	2
0	589	2
1	589	1
2	589	1
3	589	0
4	589	1
5	589	0
6	589	0
7	589	3
0	590	3
1	590	2
2	590	2
3	590	2
4	590	2
5	590	2
6	590	2
7	590	0
0	591	1
1	591	0
2	591	2
3	591	2
4	591	2
5	591	0
6	591	0
7	591	0
0	592	0
1	592	2
2	592	2
3	592	1
4	592	2
5	592	1
6	592	2
7	592	2
0	593	3
1	593	1
2	593	1
3	593	1
4	593	1
5	593	1
6	593	2
7	593	1
0	594	1
1	594	3
2	594	3
3	594	1
4	594	1
5	594	3
6	594	2
7	594	1
0	595	3
1	595	2
2	595	1
3	595	1
4	595	1
5	595	3
6	595	0
7	595	0
0	596	0
1	596	0
2	596	1
3	596	0
4	596	2
5	596	2
6	596	0
7	596	0
0	597	1
1	597	3
2	597	0
3	597	0
4	597	3
5	597	3
6	597	3
7	597	1
0	598	1
1	598	2
2	598	0
3	598	0
4	598	3
5	598	3
6	598	1
7	598	2
0	599	0
1	599	2
2	599	3
3	599	3
4	599	1
5	599	0
6	599	1
7	599	1
0	600	2
1	600	2
2	600	2
3	600	1
4	600	0
5	600	2
6	600	2
7	600	1
0	601	3
1	601	3
2	601	3
3	601	3
4	601	3
5	601	0
6	601	3
7	601	3
0	602	0
1	602	2
2	602	1
3	602	0
4	602	1
5	602	2
6	602	0
7	602	0
0	603	1
1	603	1
2	603	1
3	603	0
4	603	3
5	603	2
6	603	1
7	603	1
0	604	0
1	604	3
2	604	0
3	604	1
4	604	0
5	604	0
6	604	0
7	604	0
0	605	1
1	605	1
2	605	1
3	605	1
4	605	0
5	605	0
6	605	0
7	605	2
0	606	3
1	606	3
2	606	1
3	606	2
4	606	3
5	606	3
6	606	3
7	606	3
0	607	3
1	607	3
2	607	3
3	607	1
4	607	3
5	607	3
6	607	2
7	607	3
0	608	3
1	608	0
2	608	0
3	608	0
4	608	2
5	608	2
6	608	1
7	608	0
0	609	2
1	609	2
2	609	3
3	609	0
4	609	2
5	609	1
6	609	0
7	609	2
0	610	2
1	610	3
2	610	0
3	610	2
4	610	0
5	610	0
6	610	0
7	610	0
0	611	2
1	611	3
2	611	2
3	611	3
4	611	3
5	611	3
6	611	3
7	611	0
0	612	3
1	612	0
2	612	0
3	612	2
4	612	0
5	612	0
6	612	0
7	612	0
0	613	3
1	613	3
2	613	1
3	613	2
4	613	2
5	613	2
6	613	3
7	613	0
0	614	1
1	614	2
2	614	2
3	614	2
4	614	1
5	614	1
6	614	1
7	614	3
0	615	1
1	615	0
2	615	1
3	615	0
4	615	3
5	615	0
6	615	0
7	615	0
0	616	0
1	616	0
2	616	0
3	616	1
4	616	0
5	616	0
6	616	3
7	616	1
0	617	0
1	617	3
2	617	1
3	617	1
4	617	3
5	617	2
6	617	3
7	617	2
0	618	3
1	618	3
2	618	0
3	618	3
4	618	0
5	618	3
6	618	0
7	618	0
0	619	0
1	619	0
2	619	0
3	619	1
4	619	0
5	619	1
6	619	1
7	619	0
0	620	1
1	620	1
2	620	1
3	620	2
4	620	1
5	620	1
6	620	1
7	620	1
0	621	3
1	621	3
2	621	1
3	621	3
4	621	0
5	621	1
6	621	3
7	621	3
0	622	1
1	622	1
2	622	2
3	622	1
4	622	1
5	622	0
6	622	3
7	622	1
0	623	3
1	623	3
2	623	1
3	623	1
4	623	1
5	623	1
6	623	2
7	623	3
0	624	2
1	624	1
2	624	0
3	624	3
4	624	3
5	624	1
6	624	1
7	624	3
0	625	3
1	625	0
2	625	0
3	625	2
4	625	1
5	625	3
6	625	0
7	625	0
0	626	1
1	626	1
2	626	0
3	626	2
4	626	2
5	626	2
6	626	3
7	626	2
0	627	1
1	627	2
2	627	0
3	627	2
4	627	1
5	627	1
6	627	1
7	627	2
0	628	2
1	628	2
2	628	1
3	628	0
4	628	2
5	628	2
6	628	2
7	628	2
0	629	2
1	629	3
2	629	1
3	629	0
4	629	3
5	629	3
6	629	3
7	629	2
0	630	1
1	630	0
2	630	2
3	630	0
4	630	2
5	630	1
6	630	1
7	630	0
0	631	0
1	631	0
2	631	2
3	631	3
4	631	0
5	631	0
6	631	1
7	631	0
0	632	2
1	632	3
2	632	2
3	632	3
4	632	1
5	632	2
6	632	1
7	632	1
0	633	2
1	633	1
2	633	2
3	633	1
4	633	0
5	633	3
6	633	0
7	633	0
0	634	1
1	634	0
2	634	0
3	634	3
4	634	0
5	634	0
6	634	0
7	634	2
0	635	2
1	635	2
2	635	3
3	635	2
4	635	0
5	635	3
6	635	3
7	635	3
0	636	0
1	636	1
2	636	0
3	636	1
4	636	2
5	636	1
6	636	0
7	636	1
0	637	2
1	637	2
2	637	2
3	637	1
4	637	2
5	637	2
6	637	2
7	637	2
0	638	0
1	638	3
2	638	2
3	638	2
4	638	1
5	638	2
6	638	3
7	638	0
0	639	0
1	639	0
2	639	0
3	639	1
4	639	1
5	639	0
6	639	0
7	639	0
0	640	3
1	640	0
2	640	2
3	640	1
4	640	0
5	640	0
6	640	0
7	640	0
0	641	2
1	641	2
2	641	1
3	641	0
4	641	2
5	641	3
6	641	2
7	641	2
0	642	3
1	642	1
2	642	2
3	642	2
4	642	2
5	642	1
6	642	2
7	642	1
0	643	0
1	643	0
2	643	3
3	643	2
4	643	2
5	643	1
6	643	2
7	643	2
0	644	1
1	644	0
2	644	3
3	644	1
4	644	3
5	644	3
6	644	2
7	644	3
0	645	0
1	645	3
2	645	3
3	645	3
4	645	3
5	645	0
6	645	0
7	645	0
0	646	2
1	646	2
2	646	3
3	646	3
4	646	1
5	646	3
6	646	1
7	646	2
0	647	0
1	647	1
2	647	1
3	647	0
4	647	2
5	647	2
6	647	1
7	647	2
0	648	2
1	648	1
2	648	1
3	648	1
4	648	2
5	648	1
6	648	1
7	648	1
0	649	1
1	649	2
2	649	1
3	649	0
4	649	1
5	649	3
6	649	1
7	649	1
0	650	3
1	650	1
2	650	3
3	650	1
4	650	1
5	650	0
6	650	0
7	650	1
0	651	1
1	651	0
2	651	1
3	651	1
4	651	1
5	651	1
6	651	1
7	651	1
0	652	3
1	652	0
2	652	0
3	652	2
4	652	0
5	652	0
6	652	3
7	652	3
0	653	2
1	653	0
2	653	1
3	653	0
4	653	0
5	653	2
6	653	1
7	653	1
0	654	1
1	654	1
2	654	1
3	654	1
4	654	3
5	654	3
6	654	1
7	654	2
0	655	0
1	655	3
2	655	3
3	655	1
4	655	3
5	655	1
6	655	3
7	655	3
0	656	1
1	656	2
2	656	2
3	656	2
4	656	1
5	656	2
6	656	2
7	656	2
0	657	0
1	657	3
2	657	3
3	657	3
4	657	3
5	657	3
6	657	0
7	657	3
0	658	0
1	658	3
2	658	3
3	658	3
4	658	0
5	658	3
6	658	0
7	658	3
0	659	0
1	659	2
2	659	3
3	659	0
4	659	3
5	659	3
6	659	3
7	659	0
0	660	2
1	660	3
2	660	3
3	660	1
4	660	2
5	660	3
6	660	3
7	660	3
0	661	1
1	661	2
2	661	2
3	661	0
4	661	0
5	661	1
6	661	1
7	661	1
0	662	3
1	662	2
2	662	1
3	662	1
4	662	1
5	662	1
6	662	2
7	662	0
0	663	1
1	663	1
2	663	3
3	663	3
4	663	1
5	663	1
6	663	0
7	663	1
0	664	3
1	664	3
2	664	0
3	664	0
4	664	0
5	664	3
6	664	2
7	664	3
0	665	3
1	665	3
2	665	3
3	665	0
4	665	3
5	665	3
6	665	3
7	665	3
0	666	0
1	666	0
2	666	2
3	666	1
4	666	0
5	666	1
6	666	0
7	666	0
0	667	2
1	667	3
2	667	1
3	667	0
4	667	3
5	667	1
6	667	3
7	667	1
0	668	3
1	668	2
2	668	1
3	668	0
4	668	3
5	668	3
6	668	3
7	668	3
0	669	3
1	669	2
2	669	2
3	669	2
4	669	0
5	669	3
6	669	2
7	669	2
0	670	0
1	670	2
2	670	0
3	670	0
4	670	0
5	670	0
6	670	0
7	670	3
0	671	0
1	671	0
2	671	0
3	671	0
4	671	0
5	671	2
6	671	2
7	671	3
0	672	2
1	672	2
2	672	3
3	672	2
4	672	1
5	672	2
6	672	2
7	672	2
0	673	3
1	673	0
2	673	0
3	673	1
4	673	0
5	673	0
6	673	3
7	673	0
0	674	3
1	674	1
2	674	0
3	674	3
4	674	1
5	674	1
6	674	1
7	674	1
0	675	0
1	675	0
2	675	3
3	675	0
4	675	0
5	675	2
6	675	1
7	675	2
0	676	3
1	676	2
2	676	2
3	676	2
4	676	2
5	676	2
6	676	2
7	676	0
0	677	1
1	677	2
2	677	2
3	677	1
4	677	0
5	677	2
6	677	2
7	677	0
0	678	0
1	678	2
2	678	1
3	678	2
4	678	2
5	678	2
6	678	2
7	678	0
0	679	3
1	679	2
2	679	1
3	679	2
4	679	2
5	679	2
6	679	0
7	679	2
0	680	3
1	680	2
2	680	0
3	680	3
4	680	2
5	680	3
6	680	3
7	680	0
0	681	2
1	681	2
2	681	1
3	681	2
4	681	2
5	681	2
6	681	3
7	681	3
0	682	2
1	682	3
2	682	2
3	682	2
4	682	3
5	682	3
6	682	3
7	682	0
0	683	2
1	683	2
2	683	2
3	683	3
4	683	2
5	683	2
6	683	2
7	683	2
0	684	2
1	684	2
2	684	2
3	684	2
4	684	2
5	684	2
6	684	0
7	684	0
0	685	2
1	685	2
2	685	2
3	685	2
4	685	2
5	685	0
6	685	0
7	685	2
0	686	0
1	686	1
2	686	1
3	686	0
4	686	0
5	686	2
6	686	0
7	686	0
0	687	3
1	687	2
2	687	2
3	687	0
4	687	3
5	687	2
6	687	2
7	687	2
0	688	1
1	688	1
2	688	1
3	688	1
4	688	1
5	688	1
6	688	1
7	688	0
0	689	1
1	689	3
2	689	1
3	689	1
4	689	1
5	689	1
6	689	3
7	689	1
0	690	2
1	690	1
2	690	0
3	690	2
4	690	2
5	690	1
6	690	1
7	690	3
0	691	3
1	691	2
2	691	0
3	691	1
4	691	2
5	691	2
6	691	2
7	691	2
0	692	1
1	692	1
2	692	2
3	692	1
4	692	1
5	692	3
6	692	1
7	692	1
0	693	0
1	693	2
2	693	3
3	693	3
4	693	3
5	693	3
6	693	0
7	693	2
0	694	3
1	694	1
2	694	1
3	694	3
4	694	2
5	694	0
6	694	2
7	694	1
0	695	2
1	695	2
2	695	3
3	695	3
4	695	3
5	695	3
6	695	3
7	695	3
0	696	0
1	696	0
2	696	1
3	696	1
4	696	2
5	696	3
6	696	1
7	696	0
0	697	2
1	697	2
2	697	2
3	697	2
4	697	2
5	697	3
6	697	2
7	697	2
0	698	2
1	698	2
2	698	2
3	698	1
4	698	2
5	698	2
6	698	2
7	698	2
0	699	1
1	699	0
2	699	2
3	699	0
4	699	0
5	699	1
6	699	0
7	699	0
0	700	1
1	700	0
2	700	0
3	700	0
4	700	3
5	700	0
6	700	0
7	700	3
0	701	1
1	701	1
2	701	2
3	701	3
4	701	1
5	701	2
6	701	2
7	701	2
0	702	0
1	702	1
2	702	2
3	702	3
4	702	0
5	702	2
6	702	0
7	702	3
0	703	1
1	703	2
2	703	3
3	703	2
4	703	3
5	703	3
6	703	0
7	703	3
0	704	0
1	704	3
2	704	0
3	704	2
4	704	0
5	704	0
6	704	3
7	704	2
0	705	2
1	705	2
2	705	1
3	705	3
4	705	3
5	705	0
6	705	1
7	705	1
0	706	3
1	706	1
2	706	2
3	706	3
4	706	0
5	706	1
6	706	3
7	706	0
0	707	2
1	707	3
2	707	2
3	707	3
4	707	3
5	707	3
6	707	1
7	707	3
0	708	3
1	708	3
2	708	3
3	708	0
4	708	3
5	708	1
6	708	0
7	708	3
0	709	1
1	709	0
2	709	0
3	709	0
4	709	0
5	709	0
6	709	1
7	709	2
0	710	2
1	710	1
2	710	1
3	710	2
4	710	2
5	710	2
6	710	1
7	710	2
0	711	3
1	711	1
2	711	0
3	711	1
4	711	2
5	711	1
6	711	1
7	711	2
0	712	1
1	712	1
2	712	1
3	712	3
4	712	1
5	712	2
6	712	1
7	712	1
0	713	0
1	713	1
2	713	0
3	713	1
4	713	0
5	713	0
6	713	1
7	713	1
0	714	2
1	714	1
2	714	1
3	714	2
4	714	2
5	714	2
6	714	1
7	714	2
0	715	0
1	715	0
2	715	0
3	715	2
4	715	3
5	715	0
6	715	0
7	715	0
0	716	3
1	716	3
2	716	2
3	716	0
4	716	2
5	716	2
6	716	1
7	716	1
0	717	3
1	717	2
2	717	3
3	717	1
4	717	0
5	717	1
6	717	2
7	717	2
0	718	0
1	718	0
2	718	2
3	718	2
4	718	3
5	718	3
6	718	0
7	718	2
0	719	1
1	719	1
2	719	1
3	719	3
4	719	1
5	719	3
6	719	1
7	719	1
0	720	0
1	720	0
2	720	2
3	720	0
4	720	0
5	720	0
6	720	0
7	720	0
0	721	3
1	721	1
2	721	3
3	721	1
4	721	1
5	721	2
6	721	3
7	721	1
0	722	3
1	722	1
2	722	1
3	722	2
4	722	2
5	722	3
6	722	3
7	722	3
0	723	0
1	723	1
2	723	0
3	723	3
4	723	0
5	723	0
6	723	2
7	723	0
0	724	2
1	724	1
2	724	1
3	724	3
4	724	3
5	724	3
6	724	2
7	724	3
0	725	1
1	725	3
2	725	3
3	725	2
4	725	2
5	725	3
6	725	3
7	725	3
0	726	3
1	726	1
2	726	1
3	726	2
4	726	2
5	726	2
6	726	0
7	726	1
0	727	0
1	727	2
2	727	2
3	727	1
4	727	2
5	727	2
6	727	3
7	727	2
0	728	0
1	728	1
2	728	1
3	728	0
4	728	0
5	728	0
6	728	0
7	728	0
0	729	1
1	729	0
2	729	0
3	729	1
4	729	0
5	729	0
6	729	1
7	729	0
0	730	0
1	730	2
2	730	2
3	730	0
4	730	1
5	730	2
6	730	0
7	730	2
0	731	2
1	731	1
2	731	1
3	731	3
4	731	0
5	731	2
6	731	2
7	731	2
0	732	3
1	732	3
2	732	3
3	732	0
4	732	0
5	732	3
6	732	3
7	732	2
0	733	2
1	733	2
2	733	2
3	733	2
4	733	3
5	733	2
6	733	1
7	733	3
0	734	3
1	734	2
2	734	1
3	734	3
4	734	3
5	734	2
6	734	1
7	734	3
0	735	0
1	735	0
2	735	0
3	735	1
4	735	0
5	735	0
6	735	1
7	735	0
0	736	1
1	736	1
2	736	1
3	736	1
4	736	1
5	736	1
6	736	2
7	736	1
0	737	2
1	737	3
2	737	2
3	737	3
4	737	2
5	737	2
6	737	2
7	737	0
0	738	0
1	738	2
2	738	2
3	738	0
4	738	2
5	738	2
6	738	0
7	738	2
0	739	3
1	739	3
2	739	3
3	739	1
4	739	3
5	739	2
6	739	0
7	739	3
0	740	1
1	740	1
2	740	1
3	740	3
4	740	1
5	740	1
6	740	1
7	740	0
0	741	2
1	741	1
2	741	2
3	741	2
4	741	2
5	741	0
6	741	0
7	741	2
0	742	0
1	742	0
2	742	0
3	742	0
4	742	0
5	742	0
6	742	3
7	742	1
0	743	1
1	743	3
2	743	1
3	743	3
4	743	3
5	743	1
6	743	1
7	743	1
0	744	2
1	744	3
2	744	3
3	744	1
4	744	0
5	744	3
6	744	3
7	744	2
0	745	3
1	745	0
2	745	2
3	745	2
4	745	2
5	745	2
6	745	2
7	745	2
0	746	3
1	746	3
2	746	2
3	746	3
4	746	1
5	746	3
6	746	1
7	746	3
0	747	0
1	747	2
2	747	2
3	747	1
4	747	2
5	747	2
6	747	2
7	747	0
0	748	3
1	748	3
2	748	3
3	748	3
4	748	3
5	748	3
6	748	3
7	748	3
0	749	1
1	749	1
2	749	1
3	749	3
4	749	1
5	749	1
6	749	1
7	749	3
0	750	1
1	750	3
2	750	0
3	750	0
4	750	1
5	750	1
6	750	1
7	750	1
0	751	3
1	751	0
2	751	3
3	751	3
4	751	3
5	751	3
6	751	0
7	751	3
0	752	0
1	752	2
2	752	2
3	752	2
4	752	2
5	752	2
6	752	0
7	752	1
0	753	1
1	753	3
2	753	1
3	753	0
4	753	1
5	753	1
6	753	0
7	753	2
0	754	0
1	754	3
2	754	3
3	754	1
4	754	3
5	754	3
6	754	1
7	754	0
0	755	3
1	755	1
2	755	0
3	755	0
4	755	3
5	755	1
6	755	2
7	755	3
0	756	2
1	756	1
2	756	1
3	756	3
4	756	1
5	756	1
6	756	2
7	756	2
0	757	0
1	757	1
2	757	2
3	757	2
4	757	1
5	757	0
6	757	3
7	757	2
0	758	2
1	758	0
2	758	2
3	758	0
4	758	2
5	758	2
6	758	2
7	758	1
0	759	3
1	759	3
2	759	3
3	759	0
4	759	1
5	759	3
6	759	2
7	759	0
0	760	0
1	760	2
2	760	0
3	760	2
4	760	2
5	760	1
6	760	2
7	760	0
0	761	1
1	761	1
2	761	2
3	761	1
4	761	1
5	761	0
6	761	0
7	761	1
0	762	3
1	762	1
2	762	3
3	762	2
4	762	3
5	762	3
6	762	3
7	762	3
0	763	0
1	763	0
2	763	0
3	763	0
4	763	3
5	763	0
6	763	0
7	763	2
0	764	1
1	764	3
2	764	3
3	764	0
4	764	1
5	764	1
6	764	2
7	764	1
0	765	1
1	765	3
2	765	2
3	765	0
4	765	0
5	765	2
6	765	2
7	765	0
0	766	3
1	766	2
2	766	1
3	766	3
4	766	1
5	766	3
6	766	2
7	766	1
0	767	2
1	767	2
2	767	2
3	767	2
4	767	2
5	767	2
6	767	2
7	767	1
0	768	3
1	768	0
2	768	1
3	768	0
4	768	1
5	768	0
6	768	1
7	768	0
0	769	1
1	769	1
2	769	0
3	769	3
4	769	3
5	769	2
6	769	1
7	769	1
0	770	2
1	770	0
2	770	2
3	770	0
4	770	0
5	770	0
6	770	2
7	770	0
0	771	0
1	771	0
2	771	0
3	771	0
4	771	3
5	771	1
6	771	0
7	771	2
0	772	0
1	772	0
2	772	1
3	772	0
4	772	0
5	772	0
6	772	2
7	772	0
0	773	2
1	773	3
2	773	2
3	773	2
4	773	1
5	773	0
6	773	0
7	773	1
0	774	3
1	774	3
2	774	3
3	774	3
4	774	2
5	774	2
6	774	3
7	774	3
0	775	2
1	775	1
2	775	0
3	775	2
4	775	2
5	775	2
6	775	3
7	775	3
0	776	2
1	776	1
2	776	1
3	776	1
4	776	1
5	776	1
6	776	0
7	776	1
0	777	2
1	777	2
2	777	2
3	777	2
4	777	1
5	777	2
6	777	2
7	777	2
0	778	2
1	778	1
2	778	3
3	778	1
4	778	0
5	778	1
6	778	1
7	778	1
0	779	1
1	779	3
2	779	3
3	779	3
4	779	2
5	779	3
6	779	3
7	779	1
0	780	3
1	780	2
2	780	1
3	780	1
4	780	3
5	780	1
6	780	1
7	780	0
0	781	2
1	781	3
2	781	0
3	781	3
4	781	2
5	781	3
6	781	3
7	781	3
0	782	0
1	782	3
2	782	0
3	782	0
4	782	0
5	782	1
6	782	1
7	782	2
0	783	1
1	783	3
2	783	2
3	783	1
4	783	1
5	783	2
6	783	3
7	783	1
0	784	2
1	784	2
2	784	3
3	784	3
4	784	3
5	784	3
6	784	3
7	784	3
0	785	3
1	785	1
2	785	0
3	785	2
4	785	2
5	785	2
6	785	0
7	785	1
0	786	1
1	786	1
2	786	2
3	786	1
4	786	0
5	786	3
6	786	0
7	786	2
0	787	1
1	787	3
2	787	2
3	787	3
4	787	3
5	787	3
6	787	3
7	787	1
0	788	1
1	788	1
2	788	1
3	788	1
4	788	1
5	788	2
6	788	1
7	788	2
0	789	0
1	789	1
2	789	1
3	789	1
4	789	3
5	789	3
6	789	1
7	789	3
0	790	2
1	790	0
2	790	0
3	790	2
4	790	3
5	790	2
6	790	2
7	790	2
0	791	3
1	791	3
2	791	3
3	791	3
4	791	2
5	791	1
6	791	3
7	791	2
0	792	0
1	792	2
2	792	0
3	792	0
4	792	0
5	792	0
6	792	3
7	792	0
0	793	0
1	793	2
2	793	3
3	793	0
4	793	2
5	793	2
6	793	2
7	793	2
0	794	1
1	794	2
2	794	2
3	794	0
4	794	3
5	794	2
6	794	2
7	794	0
0	795	3
1	795	1
2	795	1
3	795	3
4	795	3
5	795	0
6	795	3
7	795	2
0	796	1
1	796	0
2	796	1
3	796	2
4	796	0
5	796	0
6	796	0
7	796	0
0	797	1
1	797	1
2	797	1
3	797	3
4	797	1
5	797	1
6	797	1
7	797	1
0	798	3
1	798	3
2	798	3
3	798	3
4	798	0
5	798	0
6	798	0
7	798	0
0	799	2
1	799	2
2	799	2
3	799	0
4	799	0
5	799	2
6	799	2
7	799	3
0	800	0
1	800	3
2	800	1
3	800	2
4	800	2
5	800	3
6	800	0
7	800	3
0	801	0
1	801	0
2	801	0
3	801	1
4	801	0
5	801	0
6	801	2
7	801	3
0	802	0
1	802	2
2	802	1
3	802	1
4	802	0
5	802	0
6	802	0
7	802	0
0	803	1
1	803	0
2	803	3
3	803	1
4	803	3
5	803	2
6	803	2
7	803	2
0	804	2
1	804	0
2	804	1
3	804	3
4	804	0
5	804	0
6	804	3
7	804	0
0	805	1
1	805	2
2	805	1
3	805	2
4	805	2
5	805	1
6	805	2
7	805	3
0	806	3
1	806	1
2	806	1
3	806	0
4	806	1
5	806	2
6	806	1
7	806	1
0	807	2
1	807	0
2	807	1
3	807	2
4	807	1
5	807	3
6	807	1
7	807	2
0	808	1
1	808	2
2	808	0
3	808	3
4	808	0
5	808	2
6	808	0
7	808	2
0	809	2
1	809	1
2	809	1
3	809	3
4	809	3
5	809	0
6	809	1
7	809	2
0	810	0
1	810	2
2	810	0
3	810	1
4	810	3
5	810	1
6	810	0
7	810	0
0	811	2
1	811	3
2	811	0
3	811	0
4	811	0
5	811	0
6	811	2
7	811	0
0	812	2
1	812	2
2	812	1
3	812	0
4	812	2
5	812	2
6	812	0
7	812	2
0	813	3
1	813	3
2	813	1
3	813	3
4	813	3
5	813	3
6	813	0
7	813	0
0	814	2
1	814	0
2	814	2
3	814	1
4	814	3
5	814	2
6	814	2
7	814	1
0	815	1
1	815	2
2	815	2
3	815	3
4	815	0
5	815	1
6	815	2
7	815	2
0	816	0
1	816	3
2	816	3
3	816	3
4	816	3
5	816	2
6	816	3
7	816	2
0	817	1
1	817	2
2	817	2
3	817	1
4	817	1
5	817	1
6	817	1
7	817	1
0	818	0
1	818	0
2	818	2
3	818	3
4	818	0
5	818	0
6	818	2
7	818	0
0	819	1
1	819	1
2	819	1
3	819	1
4	819	1
5	819	1
6	819	1
7	819	1
0	820	2
1	820	1
2	820	1
3	820	1
4	820	1
5	820	1
6	820	2
7	820	1
0	821	0
1	821	3
2	821	1
3	821	3
4	821	1
5	821	1
6	821	0
7	821	3
0	822	3
1	822	3
2	822	3
3	822	3
4	822	1
5	822	1
6	822	0
7	822	1
0	823	1
1	823	0
2	823	0
3	823	0
4	823	0
5	823	0
6	823	2
7	823	1
0	824	1
1	824	1
2	824	0
3	824	3
4	824	1
5	824	0
6	824	0
7	824	0
0	825	0
1	825	2
2	825	2
3	825	0
4	825	2
5	825	0
6	825	0
7	825	1
0	826	2
1	826	0
2	826	0
3	826	3
4	826	0
5	826	3
6	826	2
7	826	1
0	827	0
1	827	0
2	827	0
3	827	1
4	827	0
5	827	0
6	827	0
7	827	0
0	828	2
1	828	3
2	828	3
3	828	0
4	828	1
5	828	2
6	828	2
7	828	2
0	829	1
1	829	3
2	829	3
3	829	3
4	829	3
5	829	3
6	829	0
7	829	3
0	830	2
1	830	0
2	830	1
3	830	2
4	830	2
5	830	0
6	830	2
7	830	1
0	831	2
1	831	1
2	831	2
3	831	3
4	831	2
5	831	2
6	831	2
7	831	2
0	832	1
1	832	2
2	832	2
3	832	3
4	832	1
5	832	1
6	832	0
7	832	0
0	833	1
1	833	3
2	833	2
3	833	0
4	833	1
5	833	1
6	833	3
7	833	1
0	834	2
1	834	1
2	834	3
3	834	0
4	834	1
5	834	1
6	834	1
7	834	1
0	835	2
1	835	2
2	835	2
3	835	0
4	835	0
5	835	0
6	835	3
7	835	2
0	836	0
1	836	3
2	836	3
3	836	2
4	836	3
5	836	3
6	836	2
7	836	3
0	837	1
1	837	1
2	837	1
3	837	3
4	837	1
5	837	1
6	837	2
7	837	0
0	838	3
1	838	2
2	838	2
3	838	2
4	838	1
5	838	3
6	838	2
7	838	1
0	839	3
1	839	2
2	839	0
3	839	3
4	839	1
5	839	3
6	839	3
7	839	0
0	840	2
1	840	0
2	840	0
3	840	0
4	840	0
5	840	0
6	840	0
7	840	2
0	841	2
1	841	1
2	841	2
3	841	0
4	841	1
5	841	2
6	841	2
7	841	1
0	842	2
1	842	2
2	842	3
3	842	1
4	842	3
5	842	3
6	842	3
7	842	2
0	843	1
1	843	2
2	843	0
3	843	1
4	843	1
5	843	0
6	843	1
7	843	0
0	844	1
1	844	1
2	844	2
3	844	3
4	844	0
5	844	1
6	844	1
7	844	1
0	845	3
1	845	3
2	845	0
3	845	3
4	845	3
5	845	3
6	845	1
7	845	3